[loci]=4548 

[populations]=1 

[pop]=1 
1 382 2 19 363 
2 386 2 12 374 
3 364 2 7 357 
4 392 2 8 384 
5 362 2 8 354 
6 382 2 12 370 
7 388 2 6 382 
8 394 2 7 387 
9 382 2 99 283 
10 376 2 47 329 
11 386 2 117 269 
12 364 2 8 356 
13 370 2 17 353 
14 390 2 5 385 
15 368 2 5 363 
16 392 2 4 388 
17 366 2 14 352 
18 372 2 4 368 
19 366 2 19 347 
20 384 2 9 375 
21 360 2 4 356 
22 364 2 48 316 
23 392 2 4 388 
24 384 2 6 378 
25 384 2 9 375 
26 374 2 4 370 
27 388 2 4 384 
28 360 2 5 355 
29 366 2 4 362 
30 380 2 36 344 
31 360 2 10 350 
32 396 2 11 385 
33 386 2 6 380 
34 382 2 10 372 
35 386 2 6 380 
36 388 2 4 384 
37 364 2 23 341 
38 394 2 9 385 
39 380 2 18 362 
40 392 2 11 381 
41 364 2 61 303 
42 372 2 8 364 
43 378 2 4 374 
44 382 2 12 370 
45 382 2 5 377 
46 376 2 8 368 
47 376 2 9 367 
48 362 2 23 339 
49 372 2 12 360 
50 380 2 9 371 
51 384 2 6 378 
52 386 2 10 376 
53 370 2 6 364 
54 364 2 14 350 
55 382 2 4 378 
56 390 2 12 378 
57 378 2 15 363 
58 366 2 42 324 
59 384 2 104 280 
60 366 2 28 338 
61 372 2 22 350 
62 382 2 4 378 
63 366 2 20 346 
64 374 2 10 364 
65 372 2 5 367 
66 376 2 20 356 
67 374 2 9 365 
68 374 2 12 362 
69 376 2 10 366 
70 362 2 70 292 
71 370 2 9 361 
72 390 2 14 376 
73 374 2 20 354 
74 382 2 16 366 
75 372 2 15 357 
76 360 2 6 354 
77 390 2 40 350 
78 368 2 14 354 
79 370 2 7 363 
80 380 2 12 368 
81 396 2 13 383 
82 386 2 8 378 
83 374 2 7 367 
84 388 2 4 384 
85 376 2 57 319 
86 384 2 114 270 
87 390 2 4 386 
88 372 2 14 358 
89 390 2 15 375 
90 382 2 9 373 
91 362 2 23 339 
92 370 2 7 363 
93 372 2 4 368 
94 368 2 21 347 
95 388 2 4 384 
96 374 2 31 343 
97 380 2 10 370 
98 390 2 4 386 
99 364 2 4 360 
100 376 2 9 367 
101 364 2 19 345 
102 378 2 27 351 
103 366 2 7 359 
104 368 2 8 360 
105 370 2 4 366 
106 360 2 4 356 
107 362 2 7 355 
108 386 2 14 372 
109 376 2 17 359 
110 376 2 22 354 
111 392 2 9 383 
112 366 2 12 354 
113 368 2 166 202 
114 370 2 30 340 
115 388 2 19 369 
116 360 2 93 267 
117 384 2 15 369 
118 396 2 24 372 
119 370 2 30 340 
120 392 2 14 378 
121 374 2 46 328 
122 372 2 23 349 
123 398 2 38 360 
124 370 2 13 357 
125 384 2 11 373 
126 362 2 11 351 
127 368 2 15 353 
128 362 2 29 333 
129 384 2 20 364 
130 360 2 23 337 
131 360 2 44 316 
132 372 2 7 365 
133 396 2 6 390 
134 374 2 10 364 
135 374 2 5 369 
136 382 2 6 376 
137 380 2 28 352 
138 360 2 12 348 
139 362 2 16 346 
140 382 2 56 326 
141 386 2 4 382 
142 372 2 74 298 
143 380 2 5 375 
144 388 2 6 382 
145 360 2 8 352 
146 372 2 20 352 
147 392 2 19 373 
148 382 2 16 366 
149 372 2 6 366 
150 360 2 5 355 
151 382 2 4 378 
152 376 2 10 366 
153 388 2 20 368 
154 364 2 5 359 
155 374 2 5 369 
156 360 2 4 356 
157 360 2 7 353 
158 370 2 8 362 
159 374 2 4 370 
160 374 2 6 368 
161 362 2 9 353 
162 390 2 42 348 
163 364 2 4 360 
164 362 2 4 358 
165 360 2 36 324 
166 380 2 68 312 
167 386 2 10 376 
168 376 2 6 370 
169 390 2 17 373 
170 378 2 4 374 
171 368 2 16 352 
172 362 2 97 265 
173 382 2 18 364 
174 386 2 6 380 
175 378 2 14 364 
176 364 2 14 350 
177 384 2 36 348 
178 386 2 5 381 
179 360 2 34 326 
180 392 2 32 360 
181 362 2 15 347 
182 384 2 4 380 
183 396 2 17 379 
184 392 2 5 387 
185 370 2 11 359 
186 374 2 29 345 
187 388 2 11 377 
188 360 2 16 344 
189 370 2 87 283 
190 366 2 10 356 
191 386 2 37 349 
192 362 2 14 348 
193 362 2 112 250 
194 390 2 11 379 
195 386 2 106 280 
196 370 2 8 362 
197 388 2 7 381 
198 368 2 7 361 
199 360 2 58 302 
200 366 2 10 356 
201 372 2 33 339 
202 364 2 11 353 
203 374 2 6 368 
204 376 2 51 325 
205 368 2 15 353 
206 366 2 22 344 
207 374 2 5 369 
208 370 2 6 364 
209 376 2 9 367 
210 366 2 5 361 
211 378 2 14 364 
212 360 2 8 352 
213 376 2 27 349 
214 392 2 15 377 
215 368 2 6 362 
216 388 2 53 335 
217 370 2 5 365 
218 376 2 44 332 
219 374 2 12 362 
220 376 2 5 371 
221 370 2 4 366 
222 370 2 21 349 
223 364 2 5 359 
224 364 2 26 338 
225 362 2 28 334 
226 386 2 30 356 
227 378 2 42 336 
228 368 2 7 361 
229 360 2 5 355 
230 360 2 10 350 
231 370 2 95 275 
232 364 2 7 357 
233 382 2 9 373 
234 372 2 43 329 
235 398 2 5 393 
236 386 2 4 382 
237 378 2 31 347 
238 374 2 6 368 
239 364 2 14 350 
240 372 2 9 363 
241 382 2 39 343 
242 376 2 41 335 
243 372 2 13 359 
244 378 2 8 370 
245 372 2 7 365 
246 380 2 5 375 
247 372 2 4 368 
248 370 2 57 313 
249 370 2 56 314 
250 364 2 4 360 
251 372 2 34 338 
252 384 2 9 375 
253 362 2 40 322 
254 386 2 18 368 
255 360 2 45 315 
256 382 2 4 378 
257 382 2 7 375 
258 374 2 5 369 
259 374 2 5 369 
260 374 2 10 364 
261 378 2 14 364 
262 376 2 12 364 
263 372 2 8 364 
264 372 2 11 361 
265 362 2 4 358 
266 374 2 22 352 
267 362 2 39 323 
268 384 2 9 375 
269 396 2 18 378 
270 386 2 132 254 
271 388 2 6 382 
272 370 2 17 353 
273 374 2 71 303 
274 388 2 11 377 
275 366 2 4 362 
276 388 2 12 376 
277 362 2 9 353 
278 378 2 5 373 
279 368 2 16 352 
280 390 2 11 379 
281 386 2 7 379 
282 374 2 30 344 
283 368 2 18 350 
284 386 2 8 378 
285 376 2 9 367 
286 368 2 37 331 
287 376 2 25 351 
288 384 2 24 360 
289 378 2 5 373 
290 366 2 12 354 
291 366 2 5 361 
292 368 2 6 362 
293 370 2 9 361 
294 362 2 12 350 
295 390 2 4 386 
296 362 2 28 334 
297 368 2 26 342 
298 366 2 11 355 
299 362 2 178 184 
300 360 2 6 354 
301 360 2 7 353 
302 370 2 4 366 
303 384 2 5 379 
304 370 2 5 365 
305 368 2 4 364 
306 370 2 19 351 
307 366 2 4 362 
308 392 2 9 383 
309 392 2 50 342 
310 364 2 15 349 
311 372 2 5 367 
312 370 2 19 351 
313 368 2 7 361 
314 380 2 21 359 
315 382 2 5 377 
316 366 2 9 357 
317 388 2 18 370 
318 360 2 6 354 
319 364 2 28 336 
320 368 2 10 358 
321 380 2 4 376 
322 372 2 4 368 
323 366 2 10 356 
324 360 2 20 340 
325 360 2 14 346 
326 370 2 7 363 
327 396 2 4 392 
328 376 2 5 371 
329 362 2 9 353 
330 368 2 9 359 
331 388 2 12 376 
332 388 2 4 384 
333 390 2 7 383 
334 370 2 21 349 
335 366 2 38 328 
336 366 2 5 361 
337 368 2 8 360 
338 362 2 60 302 
339 380 2 4 376 
340 370 2 7 363 
341 370 2 5 365 
342 370 2 9 361 
343 380 2 11 369 
344 394 2 19 375 
345 380 2 4 376 
346 390 2 5 385 
347 390 2 115 275 
348 382 2 5 377 
349 386 2 15 371 
350 376 2 15 361 
351 366 2 8 358 
352 366 2 4 362 
353 394 2 4 390 
354 386 2 42 344 
355 372 2 26 346 
356 360 2 4 356 
357 368 2 7 361 
358 380 2 4 376 
359 380 2 11 369 
360 368 2 19 349 
361 382 2 48 334 
362 360 2 16 344 
363 364 2 6 358 
364 380 2 4 376 
365 362 2 8 354 
366 382 2 41 341 
367 380 2 4 376 
368 372 2 22 350 
369 374 2 45 329 
370 370 2 5 365 
371 376 2 83 293 
372 368 2 39 329 
373 394 2 22 372 
374 382 2 21 361 
375 386 2 5 381 
376 370 2 7 363 
377 378 2 4 374 
378 384 2 5 379 
379 394 2 6 388 
380 362 2 13 349 
381 360 2 27 333 
382 366 2 8 358 
383 372 2 7 365 
384 372 2 4 368 
385 386 2 6 380 
386 394 2 11 383 
387 362 2 32 330 
388 368 2 4 364 
389 390 2 9 381 
390 380 2 62 318 
391 380 2 6 374 
392 388 2 22 366 
393 384 2 9 375 
394 372 2 13 359 
395 364 2 5 359 
396 360 2 12 348 
397 368 2 8 360 
398 392 2 6 386 
399 362 2 17 345 
400 364 2 15 349 
401 384 2 7 377 
402 384 2 12 372 
403 376 2 5 371 
404 396 2 137 259 
405 374 2 4 370 
406 386 2 9 377 
407 368 2 23 345 
408 364 2 11 353 
409 368 2 20 348 
410 370 2 5 365 
411 386 2 13 373 
412 392 2 4 388 
413 372 2 5 367 
414 372 2 9 363 
415 378 2 41 337 
416 386 2 14 372 
417 368 2 42 326 
418 364 2 4 360 
419 360 2 25 335 
420 374 2 11 363 
421 386 2 4 382 
422 366 2 5 361 
423 372 2 43 329 
424 386 2 6 380 
425 398 2 8 390 
426 378 2 94 284 
427 360 2 21 339 
428 368 2 4 364 
429 364 2 5 359 
430 364 2 12 352 
431 368 2 21 347 
432 372 2 74 298 
433 366 2 12 354 
434 386 2 4 382 
435 362 2 10 352 
436 360 2 6 354 
437 368 2 8 360 
438 360 2 7 353 
439 362 2 9 353 
440 394 2 52 342 
441 376 2 6 370 
442 364 2 21 343 
443 376 2 17 359 
444 370 2 21 349 
445 370 2 7 363 
446 378 2 4 374 
447 366 2 8 358 
448 382 2 5 377 
449 360 2 10 350 
450 370 2 14 356 
451 384 2 4 380 
452 366 2 8 358 
453 362 2 42 320 
454 376 2 177 199 
455 378 2 18 360 
456 376 2 5 371 
457 384 2 60 324 
458 366 2 17 349 
459 374 2 4 370 
460 362 2 11 351 
461 360 2 12 348 
462 384 2 6 378 
463 384 2 4 380 
464 380 2 15 365 
465 372 2 6 366 
466 364 2 31 333 
467 362 2 4 358 
468 392 2 7 385 
469 378 2 7 371 
470 364 2 4 360 
471 362 2 11 351 
472 374 2 12 362 
473 366 2 72 294 
474 390 2 10 380 
475 386 2 13 373 
476 390 2 5 385 
477 372 2 18 354 
478 370 2 52 318 
479 368 2 4 364 
480 386 2 15 371 
481 374 2 24 350 
482 386 2 17 369 
483 366 2 6 360 
484 378 2 8 370 
485 362 2 7 355 
486 372 2 15 357 
487 374 2 32 342 
488 388 2 11 377 
489 380 2 24 356 
490 388 2 22 366 
491 368 2 12 356 
492 374 2 4 370 
493 378 2 8 370 
494 374 2 5 369 
495 384 2 4 380 
496 360 2 4 356 
497 364 2 6 358 
498 380 2 8 372 
499 376 2 40 336 
500 378 2 12 366 
501 382 2 16 366 
502 364 2 4 360 
503 378 2 8 370 
504 364 2 163 201 
505 368 2 94 274 
506 374 2 32 342 
507 368 2 22 346 
508 372 2 22 350 
509 372 2 6 366 
510 376 2 29 347 
511 370 2 19 351 
512 394 2 4 390 
513 374 2 17 357 
514 380 2 17 363 
515 362 2 7 355 
516 380 2 5 375 
517 362 2 10 352 
518 372 2 23 349 
519 364 2 5 359 
520 378 2 9 369 
521 378 2 6 372 
522 392 2 25 367 
523 366 2 25 341 
524 374 2 5 369 
525 362 2 16 346 
526 386 2 9 377 
527 364 2 10 354 
528 378 2 131 247 
529 374 2 15 359 
530 364 2 11 353 
531 376 2 16 360 
532 390 2 4 386 
533 364 2 4 360 
534 374 2 40 334 
535 376 2 102 274 
536 360 2 20 340 
537 360 2 5 355 
538 380 2 6 374 
539 384 2 9 375 
540 376 2 5 371 
541 374 2 127 247 
542 392 2 10 382 
543 368 2 9 359 
544 374 2 8 366 
545 364 2 4 360 
546 384 2 148 236 
547 374 2 23 351 
548 364 2 9 355 
549 364 2 4 360 
550 364 2 4 360 
551 374 2 7 367 
552 360 2 6 354 
553 382 2 6 376 
554 374 2 6 368 
555 386 2 5 381 
556 364 2 6 358 
557 376 2 10 366 
558 372 2 22 350 
559 376 2 20 356 
560 390 2 5 385 
561 374 2 8 366 
562 374 2 8 366 
563 388 2 18 370 
564 360 2 5 355 
565 374 2 4 370 
566 374 2 11 363 
567 376 2 32 344 
568 370 2 9 361 
569 386 2 5 381 
570 376 2 9 367 
571 362 2 19 343 
572 362 2 4 358 
573 360 2 69 291 
574 360 2 22 338 
575 380 2 9 371 
576 366 2 10 356 
577 360 2 4 356 
578 386 2 39 347 
579 380 2 10 370 
580 372 2 158 214 
581 364 2 5 359 
582 362 2 5 357 
583 386 2 10 376 
584 368 2 42 326 
585 396 2 5 391 
586 386 2 4 382 
587 368 2 6 362 
588 366 2 30 336 
589 374 2 7 367 
590 370 2 30 340 
591 378 2 9 369 
592 368 2 4 364 
593 392 2 7 385 
594 384 2 11 373 
595 376 2 15 361 
596 380 2 4 376 
597 362 2 23 339 
598 368 2 14 354 
599 362 2 6 356 
600 384 2 10 374 
601 378 2 6 372 
602 376 2 11 365 
603 394 2 32 362 
604 360 2 5 355 
605 360 2 11 349 
606 372 2 14 358 
607 360 2 23 337 
608 368 2 14 354 
609 374 2 16 358 
610 390 2 31 359 
611 362 2 26 336 
612 370 2 12 358 
613 368 2 63 305 
614 364 2 11 353 
615 384 2 9 375 
616 362 2 72 290 
617 364 2 8 356 
618 384 2 8 376 
619 360 2 12 348 
620 384 2 4 380 
621 372 2 8 364 
622 382 2 81 301 
623 362 2 47 315 
624 384 2 4 380 
625 386 2 35 351 
626 380 2 5 375 
627 376 2 21 355 
628 366 2 4 362 
629 378 2 5 373 
630 360 2 33 327 
631 368 2 5 363 
632 372 2 9 363 
633 364 2 38 326 
634 360 2 30 330 
635 374 2 4 370 
636 360 2 7 353 
637 364 2 15 349 
638 360 2 4 356 
639 366 2 7 359 
640 384 2 5 379 
641 386 2 24 362 
642 360 2 5 355 
643 362 2 8 354 
644 360 2 13 347 
645 372 2 26 346 
646 360 2 9 351 
647 362 2 5 357 
648 384 2 69 315 
649 374 2 5 369 
650 388 2 4 384 
651 388 2 22 366 
652 368 2 9 359 
653 380 2 8 372 
654 388 2 21 367 
655 378 2 6 372 
656 374 2 10 364 
657 366 2 5 361 
658 378 2 12 366 
659 376 2 23 353 
660 366 2 24 342 
661 378 2 6 372 
662 374 2 58 316 
663 364 2 29 335 
664 378 2 9 369 
665 378 2 6 372 
666 370 2 9 361 
667 366 2 4 362 
668 394 2 22 372 
669 362 2 5 357 
670 388 2 11 377 
671 378 2 10 368 
672 388 2 7 381 
673 370 2 5 365 
674 372 2 9 363 
675 364 2 16 348 
676 382 2 7 375 
677 366 2 17 349 
678 362 2 14 348 
679 378 2 12 366 
680 382 2 16 366 
681 362 2 6 356 
682 378 2 106 272 
683 386 2 13 373 
684 386 2 4 382 
685 362 2 119 243 
686 360 2 16 344 
687 378 2 12 366 
688 386 2 84 302 
689 396 2 4 392 
690 374 2 14 360 
691 378 2 5 373 
692 366 2 35 331 
693 374 2 6 368 
694 376 2 9 367 
695 390 2 6 384 
696 384 2 11 373 
697 378 2 170 208 
698 360 2 25 335 
699 376 2 103 273 
700 360 2 19 341 
701 378 2 6 372 
702 382 2 66 316 
703 374 2 11 363 
704 364 2 6 358 
705 370 2 13 357 
706 364 2 6 358 
707 370 2 4 366 
708 368 2 6 362 
709 376 2 48 328 
710 376 2 9 367 
711 362 2 31 331 
712 386 2 7 379 
713 364 2 14 350 
714 388 2 5 383 
715 376 2 19 357 
716 394 2 5 389 
717 386 2 6 380 
718 364 2 25 339 
719 380 2 6 374 
720 370 2 11 359 
721 366 2 4 362 
722 376 2 7 369 
723 376 2 27 349 
724 382 2 14 368 
725 362 2 16 346 
726 374 2 18 356 
727 386 2 5 381 
728 364 2 22 342 
729 368 2 12 356 
730 390 2 26 364 
731 364 2 70 294 
732 362 2 14 348 
733 374 2 10 364 
734 394 2 30 364 
735 362 2 127 235 
736 378 2 4 374 
737 368 2 21 347 
738 378 2 12 366 
739 372 2 21 351 
740 368 2 7 361 
741 386 2 23 363 
742 380 2 4 376 
743 362 2 22 340 
744 394 2 7 387 
745 366 2 7 359 
746 368 2 7 361 
747 374 2 56 318 
748 376 2 5 371 
749 370 2 4 366 
750 372 2 46 326 
751 376 2 28 348 
752 372 2 20 352 
753 362 2 4 358 
754 374 2 30 344 
755 372 2 5 367 
756 372 2 6 366 
757 392 2 30 362 
758 370 2 5 365 
759 374 2 4 370 
760 388 2 124 264 
761 386 2 4 382 
762 366 2 70 296 
763 380 2 13 367 
764 362 2 43 319 
765 376 2 44 332 
766 366 2 10 356 
767 372 2 8 364 
768 384 2 69 315 
769 364 2 32 332 
770 392 2 15 377 
771 370 2 9 361 
772 384 2 10 374 
773 376 2 21 355 
774 372 2 15 357 
775 378 2 5 373 
776 376 2 10 366 
777 360 2 10 350 
778 370 2 8 362 
779 382 2 9 373 
780 364 2 5 359 
781 364 2 151 213 
782 360 2 21 339 
783 378 2 81 297 
784 366 2 8 358 
785 376 2 7 369 
786 366 2 6 360 
787 376 2 9 367 
788 380 2 10 370 
789 370 2 126 244 
790 370 2 5 365 
791 360 2 16 344 
792 380 2 7 373 
793 370 2 4 366 
794 370 2 5 365 
795 386 2 23 363 
796 388 2 8 380 
797 382 2 8 374 
798 360 2 20 340 
799 386 2 4 382 
800 390 2 42 348 
801 364 2 6 358 
802 362 2 29 333 
803 372 2 12 360 
804 360 2 4 356 
805 370 2 4 366 
806 362 2 36 326 
807 372 2 13 359 
808 362 2 4 358 
809 368 2 10 358 
810 362 2 11 351 
811 360 2 4 356 
812 364 2 4 360 
813 376 2 5 371 
814 366 2 36 330 
815 368 2 4 364 
816 360 2 4 356 
817 362 2 12 350 
818 384 2 6 378 
819 370 2 57 313 
820 366 2 8 358 
821 366 2 30 336 
822 366 2 15 351 
823 384 2 15 369 
824 360 2 97 263 
825 384 2 5 379 
826 392 2 4 388 
827 374 2 13 361 
828 378 2 4 374 
829 384 2 16 368 
830 388 2 6 382 
831 392 2 9 383 
832 380 2 17 363 
833 380 2 4 376 
834 362 2 18 344 
835 374 2 13 361 
836 366 2 34 332 
837 390 2 4 386 
838 382 2 6 376 
839 368 2 4 364 
840 388 2 4 384 
841 362 2 10 352 
842 364 2 9 355 
843 378 2 105 273 
844 368 2 5 363 
845 380 2 6 374 
846 370 2 12 358 
847 380 2 9 371 
848 386 2 4 382 
849 390 2 17 373 
850 366 2 7 359 
851 366 2 4 362 
852 382 2 13 369 
853 394 2 9 385 
854 366 2 4 362 
855 360 2 12 348 
856 370 2 6 364 
857 372 2 18 354 
858 370 2 4 366 
859 364 2 7 357 
860 364 2 4 360 
861 390 2 5 385 
862 384 2 17 367 
863 396 2 4 392 
864 360 2 10 350 
865 394 2 5 389 
866 382 2 6 376 
867 362 2 4 358 
868 396 2 4 392 
869 370 2 34 336 
870 378 2 36 342 
871 360 2 23 337 
872 392 2 9 383 
873 372 2 10 362 
874 376 2 16 360 
875 366 2 5 361 
876 362 2 12 350 
877 390 2 4 386 
878 382 2 116 266 
879 372 2 41 331 
880 376 2 5 371 
881 372 2 8 364 
882 384 2 9 375 
883 372 2 6 366 
884 370 2 17 353 
885 366 2 4 362 
886 366 2 87 279 
887 368 2 15 353 
888 374 2 7 367 
889 366 2 11 355 
890 376 2 18 358 
891 372 2 17 355 
892 370 2 13 357 
893 386 2 50 336 
894 364 2 48 316 
895 368 2 6 362 
896 362 2 28 334 
897 372 2 24 348 
898 364 2 6 358 
899 364 2 12 352 
900 374 2 5 369 
901 362 2 53 309 
902 374 2 17 357 
903 368 2 15 353 
904 366 2 4 362 
905 366 2 51 315 
906 382 2 11 371 
907 392 2 7 385 
908 368 2 28 340 
909 372 2 27 345 
910 396 2 27 369 
911 370 2 75 295 
912 364 2 4 360 
913 366 2 10 356 
914 362 2 8 354 
915 362 2 18 344 
916 372 2 4 368 
917 366 2 4 362 
918 378 2 16 362 
919 382 2 26 356 
920 360 2 5 355 
921 370 2 5 365 
922 366 2 10 356 
923 380 2 58 322 
924 368 2 16 352 
925 386 2 4 382 
926 384 2 11 373 
927 384 2 4 380 
928 380 2 45 335 
929 366 2 7 359 
930 388 2 15 373 
931 388 2 6 382 
932 374 2 156 218 
933 370 2 4 366 
934 378 2 22 356 
935 378 2 5 373 
936 386 2 9 377 
937 370 2 32 338 
938 372 2 4 368 
939 392 2 18 374 
940 364 2 6 358 
941 360 2 4 356 
942 364 2 4 360 
943 360 2 29 331 
944 362 2 9 353 
945 386 2 10 376 
946 378 2 9 369 
947 364 2 4 360 
948 390 2 18 372 
949 374 2 61 313 
950 364 2 5 359 
951 380 2 8 372 
952 374 2 11 363 
953 366 2 62 304 
954 378 2 5 373 
955 366 2 17 349 
956 368 2 7 361 
957 372 2 11 361 
958 384 2 56 328 
959 370 2 46 324 
960 374 2 16 358 
961 370 2 9 361 
962 370 2 13 357 
963 372 2 11 361 
964 372 2 25 347 
965 368 2 16 352 
966 362 2 51 311 
967 364 2 10 354 
968 366 2 14 352 
969 376 2 8 368 
970 378 2 26 352 
971 380 2 59 321 
972 376 2 20 356 
973 392 2 9 383 
974 374 2 6 368 
975 396 2 17 379 
976 366 2 22 344 
977 378 2 4 374 
978 366 2 10 356 
979 362 2 4 358 
980 364 2 9 355 
981 376 2 4 372 
982 360 2 52 308 
983 364 2 16 348 
984 380 2 6 374 
985 386 2 6 380 
986 392 2 8 384 
987 394 2 8 386 
988 376 2 7 369 
989 368 2 10 358 
990 396 2 5 391 
991 382 2 10 372 
992 382 2 4 378 
993 376 2 15 361 
994 368 2 12 356 
995 362 2 25 337 
996 386 2 48 338 
997 362 2 10 352 
998 364 2 7 357 
999 372 2 18 354 
1000 374 2 43 331 
1001 364 2 4 360 
1002 370 2 4 366 
1003 386 2 4 382 
1004 382 2 7 375 
1005 368 2 25 343 
1006 376 2 5 371 
1007 386 2 20 366 
1008 378 2 29 349 
1009 374 2 15 359 
1010 390 2 9 381 
1011 372 2 6 366 
1012 366 2 9 357 
1013 368 2 6 362 
1014 370 2 9 361 
1015 370 2 8 362 
1016 372 2 10 362 
1017 378 2 38 340 
1018 370 2 15 355 
1019 384 2 14 370 
1020 376 2 32 344 
1021 380 2 11 369 
1022 386 2 27 359 
1023 368 2 12 356 
1024 364 2 10 354 
1025 376 2 134 242 
1026 380 2 24 356 
1027 384 2 75 309 
1028 370 2 13 357 
1029 380 2 6 374 
1030 360 2 8 352 
1031 378 2 9 369 
1032 372 2 8 364 
1033 374 2 8 366 
1034 368 2 4 364 
1035 366 2 5 361 
1036 372 2 26 346 
1037 388 2 9 379 
1038 370 2 5 365 
1039 386 2 11 375 
1040 382 2 5 377 
1041 360 2 11 349 
1042 366 2 19 347 
1043 388 2 18 370 
1044 382 2 13 369 
1045 374 2 10 364 
1046 376 2 37 339 
1047 374 2 38 336 
1048 376 2 4 372 
1049 376 2 4 372 
1050 366 2 29 337 
1051 372 2 7 365 
1052 366 2 16 350 
1053 368 2 58 310 
1054 368 2 16 352 
1055 374 2 61 313 
1056 382 2 7 375 
1057 384 2 12 372 
1058 388 2 11 377 
1059 360 2 23 337 
1060 368 2 60 308 
1061 372 2 39 333 
1062 392 2 13 379 
1063 376 2 5 371 
1064 390 2 154 236 
1065 392 2 6 386 
1066 360 2 4 356 
1067 372 2 63 309 
1068 386 2 7 379 
1069 370 2 6 364 
1070 386 2 10 376 
1071 376 2 54 322 
1072 394 2 8 386 
1073 372 2 12 360 
1074 362 2 4 358 
1075 374 2 4 370 
1076 384 2 11 373 
1077 368 2 18 350 
1078 388 2 6 382 
1079 362 2 9 353 
1080 366 2 5 361 
1081 388 2 6 382 
1082 388 2 51 337 
1083 364 2 4 360 
1084 366 2 7 359 
1085 370 2 5 365 
1086 374 2 8 366 
1087 380 2 4 376 
1088 380 2 13 367 
1089 364 2 133 231 
1090 372 2 13 359 
1091 378 2 7 371 
1092 360 2 8 352 
1093 382 2 49 333 
1094 362 2 5 357 
1095 376 2 7 369 
1096 384 2 21 363 
1097 390 2 4 386 
1098 370 2 57 313 
1099 364 2 7 357 
1100 360 2 83 277 
1101 364 2 15 349 
1102 374 2 5 369 
1103 368 2 87 281 
1104 382 2 4 378 
1105 390 2 4 386 
1106 388 2 13 375 
1107 386 2 9 377 
1108 376 2 14 362 
1109 368 2 6 362 
1110 386 2 32 354 
1111 380 2 5 375 
1112 374 2 18 356 
1113 370 2 15 355 
1114 380 2 4 376 
1115 366 2 8 358 
1116 370 2 16 354 
1117 368 2 22 346 
1118 368 2 21 347 
1119 376 2 5 371 
1120 374 2 15 359 
1121 382 2 80 302 
1122 368 2 112 256 
1123 368 2 4 364 
1124 362 2 39 323 
1125 386 2 187 199 
1126 370 2 7 363 
1127 374 2 20 354 
1128 390 2 174 216 
1129 384 2 9 375 
1130 364 2 4 360 
1131 362 2 8 354 
1132 382 2 10 372 
1133 372 2 5 367 
1134 372 2 4 368 
1135 380 2 4 376 
1136 370 2 4 366 
1137 368 2 4 364 
1138 368 2 8 360 
1139 362 2 12 350 
1140 368 2 14 354 
1141 372 2 12 360 
1142 374 2 95 279 
1143 360 2 47 313 
1144 362 2 14 348 
1145 370 2 27 343 
1146 366 2 9 357 
1147 374 2 14 360 
1148 362 2 4 358 
1149 390 2 23 367 
1150 392 2 57 335 
1151 368 2 7 361 
1152 382 2 12 370 
1153 362 2 4 358 
1154 382 2 18 364 
1155 366 2 9 357 
1156 384 2 4 380 
1157 360 2 4 356 
1158 380 2 27 353 
1159 386 2 62 324 
1160 384 2 16 368 
1161 376 2 19 357 
1162 372 2 92 280 
1163 380 2 12 368 
1164 396 2 135 261 
1165 376 2 18 358 
1166 376 2 65 311 
1167 388 2 25 363 
1168 386 2 25 361 
1169 376 2 9 367 
1170 370 2 82 288 
1171 372 2 106 266 
1172 364 2 11 353 
1173 362 2 4 358 
1174 370 2 7 363 
1175 382 2 8 374 
1176 382 2 12 370 
1177 378 2 27 351 
1178 372 2 4 368 
1179 370 2 4 366 
1180 362 2 27 335 
1181 378 2 9 369 
1182 392 2 17 375 
1183 386 2 14 372 
1184 372 2 10 362 
1185 398 2 6 392 
1186 364 2 132 232 
1187 376 2 6 370 
1188 382 2 7 375 
1189 362 2 14 348 
1190 394 2 41 353 
1191 366 2 4 362 
1192 388 2 4 384 
1193 374 2 11 363 
1194 380 2 33 347 
1195 392 2 22 370 
1196 374 2 14 360 
1197 366 2 22 344 
1198 370 2 7 363 
1199 364 2 145 219 
1200 372 2 11 361 
1201 388 2 4 384 
1202 384 2 18 366 
1203 384 2 22 362 
1204 366 2 4 362 
1205 372 2 49 323 
1206 362 2 6 356 
1207 372 2 57 315 
1208 370 2 34 336 
1209 384 2 41 343 
1210 394 2 5 389 
1211 374 2 121 253 
1212 364 2 73 291 
1213 362 2 4 358 
1214 362 2 22 340 
1215 388 2 4 384 
1216 374 2 50 324 
1217 378 2 6 372 
1218 366 2 93 273 
1219 380 2 5 375 
1220 380 2 6 374 
1221 382 2 8 374 
1222 390 2 4 386 
1223 366 2 46 320 
1224 388 2 9 379 
1225 384 2 44 340 
1226 374 2 7 367 
1227 360 2 7 353 
1228 382 2 6 376 
1229 390 2 9 381 
1230 370 2 15 355 
1231 362 2 5 357 
1232 372 2 23 349 
1233 384 2 17 367 
1234 368 2 11 357 
1235 364 2 9 355 
1236 382 2 11 371 
1237 388 2 31 357 
1238 360 2 5 355 
1239 382 2 23 359 
1240 362 2 157 205 
1241 374 2 20 354 
1242 364 2 38 326 
1243 380 2 34 346 
1244 390 2 9 381 
1245 362 2 4 358 
1246 366 2 100 266 
1247 392 2 5 387 
1248 372 2 19 353 
1249 368 2 4 364 
1250 386 2 32 354 
1251 388 2 34 354 
1252 368 2 64 304 
1253 364 2 5 359 
1254 372 2 6 366 
1255 364 2 42 322 
1256 372 2 26 346 
1257 370 2 121 249 
1258 374 2 4 370 
1259 362 2 6 356 
1260 368 2 10 358 
1261 366 2 9 357 
1262 364 2 15 349 
1263 384 2 8 376 
1264 374 2 5 369 
1265 364 2 25 339 
1266 362 2 50 312 
1267 364 2 12 352 
1268 386 2 15 371 
1269 392 2 6 386 
1270 378 2 4 374 
1271 380 2 8 372 
1272 382 2 6 376 
1273 386 2 7 379 
1274 362 2 10 352 
1275 366 2 8 358 
1276 366 2 37 329 
1277 378 2 4 374 
1278 366 2 4 362 
1279 360 2 14 346 
1280 388 2 40 348 
1281 374 2 12 362 
1282 388 2 101 287 
1283 386 2 21 365 
1284 362 2 24 338 
1285 364 2 13 351 
1286 372 2 66 306 
1287 362 2 31 331 
1288 364 2 6 358 
1289 370 2 24 346 
1290 366 2 25 341 
1291 370 2 4 366 
1292 362 2 19 343 
1293 370 2 20 350 
1294 372 2 13 359 
1295 392 2 4 388 
1296 392 2 5 387 
1297 392 2 25 367 
1298 372 2 5 367 
1299 370 2 16 354 
1300 364 2 15 349 
1301 362 2 6 356 
1302 386 2 5 381 
1303 366 2 19 347 
1304 364 2 5 359 
1305 360 2 8 352 
1306 372 2 4 368 
1307 376 2 5 371 
1308 366 2 8 358 
1309 386 2 5 381 
1310 360 2 20 340 
1311 382 2 19 363 
1312 376 2 23 353 
1313 366 2 75 291 
1314 364 2 9 355 
1315 366 2 15 351 
1316 368 2 22 346 
1317 368 2 27 341 
1318 372 2 26 346 
1319 376 2 4 372 
1320 372 2 141 231 
1321 360 2 21 339 
1322 390 2 20 370 
1323 384 2 7 377 
1324 378 2 39 339 
1325 384 2 100 284 
1326 380 2 20 360 
1327 378 2 7 371 
1328 378 2 90 288 
1329 388 2 7 381 
1330 370 2 7 363 
1331 372 2 84 288 
1332 366 2 10 356 
1333 388 2 55 333 
1334 376 2 6 370 
1335 368 2 4 364 
1336 362 2 32 330 
1337 372 2 39 333 
1338 376 2 9 367 
1339 368 2 4 364 
1340 376 2 6 370 
1341 360 2 8 352 
1342 364 2 16 348 
1343 396 2 29 367 
1344 362 2 36 326 
1345 362 2 23 339 
1346 382 2 4 378 
1347 378 2 4 374 
1348 388 2 11 377 
1349 376 2 37 339 
1350 364 2 12 352 
1351 370 2 4 366 
1352 366 2 53 313 
1353 364 2 17 347 
1354 362 2 15 347 
1355 374 2 75 299 
1356 364 2 16 348 
1357 398 2 4 394 
1358 382 2 5 377 
1359 368 2 10 358 
1360 390 2 13 377 
1361 362 2 5 357 
1362 372 2 7 365 
1363 366 2 22 344 
1364 366 2 8 358 
1365 380 2 27 353 
1366 362 2 6 356 
1367 368 2 5 363 
1368 374 2 57 317 
1369 372 2 5 367 
1370 376 2 4 372 
1371 374 2 16 358 
1372 362 2 22 340 
1373 380 2 4 376 
1374 394 2 15 379 
1375 366 2 48 318 
1376 370 2 4 366 
1377 360 2 27 333 
1378 376 2 6 370 
1379 366 2 30 336 
1380 388 2 9 379 
1381 382 2 5 377 
1382 366 2 30 336 
1383 394 2 19 375 
1384 362 2 6 356 
1385 378 2 79 299 
1386 376 2 61 315 
1387 382 2 6 376 
1388 376 2 7 369 
1389 364 2 15 349 
1390 376 2 5 371 
1391 374 2 29 345 
1392 364 2 7 357 
1393 372 2 20 352 
1394 382 2 5 377 
1395 374 2 9 365 
1396 394 2 14 380 
1397 380 2 9 371 
1398 378 2 174 204 
1399 384 2 35 349 
1400 364 2 8 356 
1401 370 2 88 282 
1402 384 2 60 324 
1403 388 2 8 380 
1404 390 2 21 369 
1405 368 2 7 361 
1406 360 2 10 350 
1407 384 2 140 244 
1408 372 2 19 353 
1409 384 2 13 371 
1410 378 2 4 374 
1411 370 2 33 337 
1412 366 2 16 350 
1413 376 2 5 371 
1414 370 2 75 295 
1415 376 2 19 357 
1416 364 2 8 356 
1417 378 2 4 374 
1418 368 2 9 359 
1419 384 2 8 376 
1420 372 2 23 349 
1421 398 2 4 394 
1422 376 2 5 371 
1423 386 2 5 381 
1424 384 2 7 377 
1425 390 2 14 376 
1426 368 2 9 359 
1427 366 2 11 355 
1428 390 2 7 383 
1429 372 2 14 358 
1430 376 2 13 363 
1431 380 2 8 372 
1432 374 2 10 364 
1433 362 2 109 253 
1434 386 2 14 372 
1435 366 2 4 362 
1436 360 2 11 349 
1437 362 2 10 352 
1438 388 2 21 367 
1439 378 2 7 371 
1440 372 2 6 366 
1441 380 2 6 374 
1442 392 2 5 387 
1443 366 2 5 361 
1444 378 2 6 372 
1445 362 2 6 356 
1446 380 2 21 359 
1447 362 2 64 298 
1448 388 2 31 357 
1449 362 2 61 301 
1450 372 2 19 353 
1451 382 2 16 366 
1452 368 2 15 353 
1453 366 2 121 245 
1454 364 2 5 359 
1455 380 2 69 311 
1456 378 2 26 352 
1457 378 2 56 322 
1458 376 2 89 287 
1459 386 2 7 379 
1460 372 2 76 296 
1461 392 2 4 388 
1462 376 2 5 371 
1463 382 2 84 298 
1464 364 2 56 308 
1465 368 2 8 360 
1466 374 2 18 356 
1467 376 2 4 372 
1468 360 2 9 351 
1469 368 2 9 359 
1470 374 2 5 369 
1471 380 2 8 372 
1472 370 2 39 331 
1473 368 2 7 361 
1474 396 2 5 391 
1475 384 2 14 370 
1476 362 2 15 347 
1477 382 2 11 371 
1478 362 2 71 291 
1479 394 2 20 374 
1480 376 2 9 367 
1481 364 2 7 357 
1482 384 2 21 363 
1483 364 2 11 353 
1484 384 2 9 375 
1485 378 2 4 374 
1486 388 2 50 338 
1487 384 2 4 380 
1488 362 2 25 337 
1489 360 2 6 354 
1490 382 2 57 325 
1491 362 2 7 355 
1492 368 2 37 331 
1493 386 2 25 361 
1494 380 2 12 368 
1495 386 2 58 328 
1496 384 2 64 320 
1497 360 2 7 353 
1498 360 2 6 354 
1499 382 2 95 287 
1500 368 2 21 347 
1501 364 2 40 324 
1502 386 2 10 376 
1503 398 2 6 392 
1504 386 2 8 378 
1505 378 2 43 335 
1506 386 2 11 375 
1507 366 2 15 351 
1508 374 2 23 351 
1509 372 2 31 341 
1510 372 2 22 350 
1511 384 2 4 380 
1512 360 2 5 355 
1513 360 2 10 350 
1514 362 2 23 339 
1515 368 2 25 343 
1516 370 2 5 365 
1517 368 2 36 332 
1518 362 2 5 357 
1519 390 2 10 380 
1520 374 2 21 353 
1521 372 2 57 315 
1522 384 2 36 348 
1523 368 2 11 357 
1524 360 2 10 350 
1525 370 2 113 257 
1526 368 2 16 352 
1527 366 2 6 360 
1528 378 2 10 368 
1529 366 2 58 308 
1530 386 2 5 381 
1531 380 2 8 372 
1532 386 2 4 382 
1533 360 2 12 348 
1534 372 2 17 355 
1535 392 2 8 384 
1536 392 2 4 388 
1537 382 2 9 373 
1538 380 2 37 343 
1539 370 2 13 357 
1540 380 2 16 364 
1541 390 2 12 378 
1542 362 2 33 329 
1543 368 2 6 362 
1544 396 2 4 392 
1545 384 2 54 330 
1546 362 2 7 355 
1547 360 2 7 353 
1548 362 2 7 355 
1549 368 2 7 361 
1550 378 2 10 368 
1551 368 2 12 356 
1552 378 2 93 285 
1553 390 2 15 375 
1554 362 2 17 345 
1555 390 2 5 385 
1556 360 2 60 300 
1557 378 2 26 352 
1558 386 2 31 355 
1559 378 2 178 200 
1560 390 2 4 386 
1561 364 2 12 352 
1562 372 2 24 348 
1563 362 2 17 345 
1564 372 2 94 278 
1565 398 2 5 393 
1566 372 2 21 351 
1567 386 2 10 376 
1568 380 2 14 366 
1569 384 2 14 370 
1570 384 2 27 357 
1571 392 2 177 215 
1572 364 2 5 359 
1573 366 2 5 361 
1574 390 2 15 375 
1575 372 2 9 363 
1576 388 2 7 381 
1577 366 2 6 360 
1578 372 2 21 351 
1579 366 2 8 358 
1580 388 2 11 377 
1581 386 2 10 376 
1582 376 2 7 369 
1583 362 2 10 352 
1584 390 2 4 386 
1585 364 2 26 338 
1586 388 2 4 384 
1587 374 2 9 365 
1588 362 2 4 358 
1589 378 2 7 371 
1590 362 2 20 342 
1591 366 2 6 360 
1592 368 2 138 230 
1593 370 2 100 270 
1594 374 2 7 367 
1595 374 2 10 364 
1596 364 2 11 353 
1597 370 2 7 363 
1598 360 2 9 351 
1599 360 2 4 356 
1600 378 2 48 330 
1601 368 2 15 353 
1602 386 2 4 382 
1603 380 2 9 371 
1604 360 2 15 345 
1605 384 2 4 380 
1606 370 2 5 365 
1607 374 2 12 362 
1608 388 2 11 377 
1609 392 2 12 380 
1610 394 2 9 385 
1611 376 2 9 367 
1612 372 2 8 364 
1613 372 2 47 325 
1614 378 2 36 342 
1615 388 2 4 384 
1616 360 2 14 346 
1617 368 2 9 359 
1618 366 2 127 239 
1619 398 2 4 394 
1620 374 2 6 368 
1621 366 2 12 354 
1622 372 2 9 363 
1623 378 2 5 373 
1624 390 2 6 384 
1625 370 2 4 366 
1626 360 2 10 350 
1627 374 2 13 361 
1628 364 2 8 356 
1629 384 2 8 376 
1630 380 2 6 374 
1631 368 2 6 362 
1632 366 2 34 332 
1633 370 2 8 362 
1634 366 2 18 348 
1635 366 2 42 324 
1636 372 2 4 368 
1637 360 2 5 355 
1638 362 2 58 304 
1639 384 2 13 371 
1640 386 2 5 381 
1641 374 2 43 331 
1642 382 2 10 372 
1643 374 2 99 275 
1644 364 2 5 359 
1645 362 2 9 353 
1646 360 2 11 349 
1647 364 2 8 356 
1648 390 2 12 378 
1649 370 2 30 340 
1650 364 2 16 348 
1651 386 2 19 367 
1652 390 2 27 363 
1653 376 2 4 372 
1654 376 2 5 371 
1655 368 2 4 364 
1656 362 2 5 357 
1657 376 2 27 349 
1658 370 2 6 364 
1659 386 2 6 380 
1660 390 2 4 386 
1661 388 2 9 379 
1662 370 2 13 357 
1663 382 2 5 377 
1664 360 2 5 355 
1665 370 2 70 300 
1666 366 2 21 345 
1667 360 2 5 355 
1668 366 2 6 360 
1669 364 2 55 309 
1670 364 2 18 346 
1671 382 2 40 342 
1672 362 2 8 354 
1673 380 2 62 318 
1674 372 2 18 354 
1675 364 2 17 347 
1676 380 2 15 365 
1677 370 2 70 300 
1678 362 2 59 303 
1679 380 2 21 359 
1680 376 2 20 356 
1681 372 2 8 364 
1682 394 2 8 386 
1683 388 2 11 377 
1684 364 2 6 358 
1685 390 2 47 343 
1686 378 2 8 370 
1687 380 2 14 366 
1688 360 2 24 336 
1689 378 2 8 370 
1690 370 2 141 229 
1691 380 2 8 372 
1692 376 2 5 371 
1693 386 2 18 368 
1694 368 2 7 361 
1695 366 2 5 361 
1696 366 2 8 358 
1697 374 2 61 313 
1698 390 2 22 368 
1699 376 2 4 372 
1700 380 2 4 376 
1701 376 2 29 347 
1702 362 2 9 353 
1703 370 2 6 364 
1704 380 2 22 358 
1705 366 2 9 357 
1706 394 2 13 381 
1707 374 2 140 234 
1708 392 2 8 384 
1709 370 2 30 340 
1710 378 2 7 371 
1711 390 2 55 335 
1712 372 2 12 360 
1713 380 2 8 372 
1714 366 2 8 358 
1715 382 2 55 327 
1716 368 2 4 364 
1717 370 2 6 364 
1718 368 2 14 354 
1719 380 2 10 370 
1720 368 2 7 361 
1721 388 2 14 374 
1722 366 2 18 348 
1723 374 2 5 369 
1724 372 2 28 344 
1725 374 2 5 369 
1726 388 2 14 374 
1727 362 2 42 320 
1728 374 2 9 365 
1729 392 2 12 380 
1730 362 2 7 355 
1731 364 2 9 355 
1732 396 2 8 388 
1733 374 2 16 358 
1734 380 2 165 215 
1735 362 2 4 358 
1736 374 2 10 364 
1737 386 2 173 213 
1738 394 2 4 390 
1739 390 2 59 331 
1740 366 2 18 348 
1741 390 2 5 385 
1742 370 2 10 360 
1743 370 2 13 357 
1744 366 2 13 353 
1745 388 2 40 348 
1746 388 2 4 384 
1747 376 2 16 360 
1748 388 2 5 383 
1749 366 2 18 348 
1750 378 2 5 373 
1751 374 2 123 251 
1752 368 2 8 360 
1753 390 2 4 386 
1754 386 2 5 381 
1755 362 2 35 327 
1756 382 2 5 377 
1757 370 2 8 362 
1758 362 2 44 318 
1759 372 2 21 351 
1760 378 2 31 347 
1761 372 2 171 201 
1762 390 2 11 379 
1763 362 2 7 355 
1764 376 2 6 370 
1765 368 2 5 363 
1766 388 2 7 381 
1767 362 2 13 349 
1768 394 2 6 388 
1769 364 2 11 353 
1770 390 2 6 384 
1771 370 2 79 291 
1772 374 2 5 369 
1773 374 2 99 275 
1774 378 2 9 369 
1775 394 2 8 386 
1776 362 2 9 353 
1777 388 2 18 370 
1778 372 2 4 368 
1779 388 2 20 368 
1780 366 2 4 362 
1781 382 2 36 346 
1782 378 2 9 369 
1783 366 2 43 323 
1784 366 2 7 359 
1785 376 2 36 340 
1786 366 2 14 352 
1787 380 2 98 282 
1788 364 2 44 320 
1789 360 2 6 354 
1790 362 2 22 340 
1791 374 2 18 356 
1792 362 2 13 349 
1793 366 2 18 348 
1794 366 2 9 357 
1795 372 2 7 365 
1796 390 2 13 377 
1797 366 2 20 346 
1798 374 2 8 366 
1799 378 2 24 354 
1800 372 2 4 368 
1801 372 2 30 342 
1802 388 2 5 383 
1803 360 2 68 292 
1804 386 2 5 381 
1805 392 2 9 383 
1806 374 2 6 368 
1807 366 2 20 346 
1808 376 2 9 367 
1809 378 2 66 312 
1810 364 2 4 360 
1811 366 2 4 362 
1812 364 2 88 276 
1813 360 2 6 354 
1814 374 2 26 348 
1815 366 2 108 258 
1816 384 2 35 349 
1817 370 2 18 352 
1818 392 2 9 383 
1819 390 2 99 291 
1820 388 2 7 381 
1821 384 2 22 362 
1822 384 2 5 379 
1823 392 2 4 388 
1824 368 2 29 339 
1825 376 2 10 366 
1826 370 2 15 355 
1827 368 2 29 339 
1828 368 2 4 364 
1829 394 2 92 302 
1830 380 2 5 375 
1831 374 2 11 363 
1832 396 2 8 388 
1833 380 2 8 372 
1834 362 2 28 334 
1835 360 2 6 354 
1836 378 2 11 367 
1837 370 2 7 363 
1838 390 2 11 379 
1839 372 2 5 367 
1840 364 2 5 359 
1841 382 2 4 378 
1842 364 2 14 350 
1843 368 2 130 238 
1844 386 2 5 381 
1845 386 2 10 376 
1846 376 2 23 353 
1847 364 2 83 281 
1848 362 2 4 358 
1849 376 2 26 350 
1850 388 2 4 384 
1851 384 2 35 349 
1852 362 2 10 352 
1853 368 2 18 350 
1854 378 2 6 372 
1855 366 2 5 361 
1856 390 2 8 382 
1857 370 2 5 365 
1858 378 2 8 370 
1859 368 2 34 334 
1860 370 2 5 365 
1861 378 2 6 372 
1862 364 2 5 359 
1863 388 2 17 371 
1864 394 2 5 389 
1865 362 2 6 356 
1866 382 2 5 377 
1867 380 2 76 304 
1868 364 2 5 359 
1869 388 2 4 384 
1870 372 2 4 368 
1871 362 2 45 317 
1872 368 2 6 362 
1873 386 2 49 337 
1874 378 2 22 356 
1875 390 2 4 386 
1876 366 2 11 355 
1877 384 2 21 363 
1878 364 2 14 350 
1879 372 2 9 363 
1880 392 2 30 362 
1881 388 2 10 378 
1882 366 2 12 354 
1883 394 2 4 390 
1884 376 2 5 371 
1885 394 2 15 379 
1886 382 2 45 337 
1887 398 2 7 391 
1888 392 2 5 387 
1889 370 2 14 356 
1890 362 2 110 252 
1891 362 2 7 355 
1892 372 2 21 351 
1893 376 2 10 366 
1894 364 2 11 353 
1895 386 2 9 377 
1896 362 2 6 356 
1897 380 2 80 300 
1898 390 2 6 384 
1899 366 2 9 357 
1900 374 2 6 368 
1901 362 2 28 334 
1902 378 2 5 373 
1903 370 2 6 364 
1904 380 2 15 365 
1905 384 2 139 245 
1906 376 2 46 330 
1907 396 2 13 383 
1908 392 2 28 364 
1909 376 2 4 372 
1910 374 2 9 365 
1911 360 2 11 349 
1912 372 2 6 366 
1913 368 2 11 357 
1914 386 2 9 377 
1915 368 2 10 358 
1916 386 2 6 380 
1917 396 2 4 392 
1918 370 2 104 266 
1919 392 2 31 361 
1920 384 2 10 374 
1921 372 2 9 363 
1922 366 2 6 360 
1923 372 2 108 264 
1924 372 2 21 351 
1925 374 2 7 367 
1926 364 2 69 295 
1927 370 2 8 362 
1928 384 2 8 376 
1929 380 2 7 373 
1930 372 2 17 355 
1931 362 2 4 358 
1932 362 2 9 353 
1933 366 2 4 362 
1934 366 2 27 339 
1935 366 2 15 351 
1936 362 2 4 358 
1937 368 2 49 319 
1938 364 2 4 360 
1939 360 2 12 348 
1940 370 2 26 344 
1941 372 2 15 357 
1942 388 2 4 384 
1943 364 2 5 359 
1944 382 2 45 337 
1945 368 2 4 364 
1946 360 2 48 312 
1947 374 2 81 293 
1948 388 2 28 360 
1949 362 2 9 353 
1950 376 2 6 370 
1951 378 2 54 324 
1952 382 2 10 372 
1953 388 2 35 353 
1954 370 2 39 331 
1955 376 2 5 371 
1956 362 2 4 358 
1957 390 2 6 384 
1958 362 2 4 358 
1959 366 2 10 356 
1960 384 2 4 380 
1961 380 2 16 364 
1962 376 2 5 371 
1963 360 2 6 354 
1964 360 2 28 332 
1965 374 2 4 370 
1966 364 2 32 332 
1967 390 2 5 385 
1968 370 2 22 348 
1969 360 2 51 309 
1970 376 2 15 361 
1971 370 2 5 365 
1972 374 2 11 363 
1973 364 2 4 360 
1974 386 2 15 371 
1975 374 2 15 359 
1976 376 2 12 364 
1977 380 2 31 349 
1978 360 2 63 297 
1979 384 2 4 380 
1980 360 2 19 341 
1981 364 2 30 334 
1982 360 2 23 337 
1983 388 2 18 370 
1984 364 2 5 359 
1985 384 2 12 372 
1986 362 2 21 341 
1987 386 2 42 344 
1988 386 2 5 381 
1989 366 2 27 339 
1990 372 2 84 288 
1991 384 2 6 378 
1992 370 2 4 366 
1993 372 2 9 363 
1994 378 2 6 372 
1995 376 2 8 368 
1996 360 2 32 328 
1997 376 2 5 371 
1998 360 2 4 356 
1999 360 2 5 355 
2000 372 2 60 312 
2001 372 2 6 366 
2002 380 2 5 375 
2003 368 2 12 356 
2004 392 2 10 382 
2005 364 2 17 347 
2006 382 2 25 357 
2007 384 2 5 379 
2008 370 2 4 366 
2009 364 2 12 352 
2010 368 2 5 363 
2011 372 2 48 324 
2012 362 2 4 358 
2013 370 2 10 360 
2014 376 2 5 371 
2015 382 2 4 378 
2016 396 2 10 386 
2017 366 2 72 294 
2018 366 2 6 360 
2019 388 2 4 384 
2020 380 2 4 376 
2021 376 2 11 365 
2022 374 2 16 358 
2023 366 2 61 305 
2024 370 2 7 363 
2025 376 2 5 371 
2026 398 2 32 366 
2027 382 2 129 253 
2028 370 2 7 363 
2029 376 2 23 353 
2030 398 2 23 375 
2031 384 2 4 380 
2032 362 2 20 342 
2033 380 2 17 363 
2034 370 2 9 361 
2035 360 2 4 356 
2036 368 2 41 327 
2037 390 2 8 382 
2038 380 2 31 349 
2039 366 2 4 362 
2040 376 2 25 351 
2041 360 2 4 356 
2042 388 2 5 383 
2043 372 2 124 248 
2044 380 2 5 375 
2045 374 2 4 370 
2046 360 2 20 340 
2047 372 2 12 360 
2048 360 2 12 348 
2049 378 2 5 373 
2050 390 2 7 383 
2051 362 2 6 356 
2052 364 2 20 344 
2053 360 2 24 336 
2054 364 2 13 351 
2055 370 2 7 363 
2056 364 2 6 358 
2057 364 2 7 357 
2058 362 2 8 354 
2059 388 2 4 384 
2060 366 2 9 357 
2061 382 2 12 370 
2062 364 2 7 357 
2063 366 2 9 357 
2064 384 2 31 353 
2065 394 2 16 378 
2066 374 2 27 347 
2067 386 2 5 381 
2068 376 2 39 337 
2069 368 2 49 319 
2070 386 2 5 381 
2071 366 2 97 269 
2072 368 2 36 332 
2073 366 2 5 361 
2074 360 2 20 340 
2075 394 2 6 388 
2076 360 2 175 185 
2077 378 2 55 323 
2078 362 2 7 355 
2079 388 2 140 248 
2080 376 2 20 356 
2081 390 2 12 378 
2082 372 2 8 364 
2083 388 2 6 382 
2084 390 2 8 382 
2085 360 2 19 341 
2086 380 2 7 373 
2087 374 2 17 357 
2088 384 2 5 379 
2089 372 2 20 352 
2090 398 2 5 393 
2091 362 2 169 193 
2092 390 2 6 384 
2093 376 2 15 361 
2094 372 2 24 348 
2095 388 2 68 320 
2096 384 2 165 219 
2097 360 2 4 356 
2098 388 2 5 383 
2099 376 2 4 372 
2100 370 2 4 366 
2101 360 2 22 338 
2102 384 2 6 378 
2103 366 2 21 345 
2104 386 2 63 323 
2105 386 2 4 382 
2106 366 2 6 360 
2107 386 2 4 382 
2108 370 2 13 357 
2109 390 2 9 381 
2110 360 2 4 356 
2111 364 2 14 350 
2112 364 2 12 352 
2113 364 2 6 358 
2114 384 2 16 368 
2115 386 2 6 380 
2116 364 2 35 329 
2117 376 2 96 280 
2118 380 2 66 314 
2119 376 2 4 372 
2120 394 2 22 372 
2121 370 2 11 359 
2122 386 2 12 374 
2123 376 2 14 362 
2124 376 2 7 369 
2125 362 2 27 335 
2126 362 2 9 353 
2127 376 2 4 372 
2128 374 2 41 333 
2129 372 2 4 368 
2130 366 2 7 359 
2131 386 2 119 267 
2132 378 2 17 361 
2133 394 2 4 390 
2134 390 2 12 378 
2135 376 2 18 358 
2136 360 2 70 290 
2137 360 2 16 344 
2138 362 2 5 357 
2139 380 2 17 363 
2140 380 2 6 374 
2141 388 2 4 384 
2142 394 2 14 380 
2143 380 2 8 372 
2144 370 2 8 362 
2145 376 2 5 371 
2146 384 2 6 378 
2147 394 2 8 386 
2148 370 2 51 319 
2149 372 2 7 365 
2150 360 2 173 187 
2151 362 2 5 357 
2152 374 2 8 366 
2153 378 2 33 345 
2154 388 2 4 384 
2155 372 2 89 283 
2156 364 2 52 312 
2157 366 2 8 358 
2158 368 2 9 359 
2159 370 2 4 366 
2160 370 2 5 365 
2161 364 2 14 350 
2162 360 2 4 356 
2163 374 2 61 313 
2164 390 2 6 384 
2165 362 2 66 296 
2166 368 2 6 362 
2167 368 2 5 363 
2168 388 2 50 338 
2169 374 2 78 296 
2170 376 2 4 372 
2171 378 2 10 368 
2172 374 2 16 358 
2173 384 2 11 373 
2174 370 2 5 365 
2175 376 2 4 372 
2176 364 2 21 343 
2177 366 2 35 331 
2178 368 2 70 298 
2179 374 2 16 358 
2180 368 2 8 360 
2181 372 2 4 368 
2182 384 2 6 378 
2183 372 2 10 362 
2184 360 2 6 354 
2185 380 2 39 341 
2186 378 2 6 372 
2187 368 2 5 363 
2188 366 2 22 344 
2189 380 2 115 265 
2190 364 2 11 353 
2191 360 2 17 343 
2192 374 2 9 365 
2193 384 2 4 380 
2194 388 2 7 381 
2195 394 2 118 276 
2196 372 2 25 347 
2197 370 2 15 355 
2198 366 2 143 223 
2199 374 2 73 301 
2200 384 2 27 357 
2201 394 2 10 384 
2202 394 2 5 389 
2203 384 2 9 375 
2204 364 2 12 352 
2205 360 2 4 356 
2206 396 2 4 392 
2207 370 2 5 365 
2208 368 2 11 357 
2209 394 2 5 389 
2210 388 2 11 377 
2211 378 2 14 364 
2212 380 2 4 376 
2213 370 2 140 230 
2214 360 2 14 346 
2215 376 2 26 350 
2216 394 2 25 369 
2217 386 2 6 380 
2218 376 2 7 369 
2219 368 2 11 357 
2220 386 2 9 377 
2221 378 2 11 367 
2222 382 2 8 374 
2223 390 2 5 385 
2224 382 2 6 376 
2225 370 2 15 355 
2226 372 2 4 368 
2227 384 2 4 380 
2228 384 2 8 376 
2229 390 2 5 385 
2230 384 2 96 288 
2231 382 2 48 334 
2232 360 2 23 337 
2233 376 2 58 318 
2234 368 2 38 330 
2235 360 2 80 280 
2236 364 2 62 302 
2237 398 2 56 342 
2238 382 2 9 373 
2239 360 2 4 356 
2240 370 2 20 350 
2241 372 2 50 322 
2242 378 2 7 371 
2243 378 2 15 363 
2244 362 2 9 353 
2245 386 2 148 238 
2246 382 2 6 376 
2247 374 2 16 358 
2248 364 2 20 344 
2249 376 2 35 341 
2250 386 2 4 382 
2251 384 2 60 324 
2252 396 2 21 375 
2253 390 2 11 379 
2254 370 2 5 365 
2255 374 2 32 342 
2256 362 2 34 328 
2257 382 2 4 378 
2258 400 2 15 385 
2259 360 2 20 340 
2260 362 2 12 350 
2261 374 2 28 346 
2262 384 2 4 380 
2263 376 2 4 372 
2264 370 2 149 221 
2265 386 2 6 380 
2266 378 2 27 351 
2267 364 2 79 285 
2268 372 2 7 365 
2269 382 2 12 370 
2270 370 2 4 366 
2271 374 2 8 366 
2272 370 2 77 293 
2273 362 2 131 231 
2274 380 2 19 361 
2275 378 2 4 374 
2276 378 2 43 335 
2277 362 2 4 358 
2278 368 2 5 363 
2279 372 2 7 365 
2280 386 2 4 382 
2281 386 2 6 380 
2282 360 2 90 270 
2283 380 2 24 356 
2284 382 2 6 376 
2285 384 2 21 363 
2286 362 2 91 271 
2287 384 2 10 374 
2288 394 2 5 389 
2289 392 2 52 340 
2290 362 2 10 352 
2291 376 2 50 326 
2292 380 2 4 376 
2293 380 2 15 365 
2294 370 2 4 366 
2295 360 2 5 355 
2296 360 2 38 322 
2297 380 2 84 296 
2298 370 2 4 366 
2299 372 2 14 358 
2300 378 2 20 358 
2301 384 2 4 380 
2302 370 2 4 366 
2303 362 2 6 356 
2304 386 2 55 331 
2305 376 2 5 371 
2306 386 2 12 374 
2307 368 2 22 346 
2308 380 2 9 371 
2309 374 2 20 354 
2310 366 2 50 316 
2311 382 2 11 371 
2312 382 2 21 361 
2313 384 2 5 379 
2314 368 2 8 360 
2315 386 2 7 379 
2316 364 2 8 356 
2317 360 2 14 346 
2318 386 2 141 245 
2319 366 2 11 355 
2320 394 2 90 304 
2321 372 2 30 342 
2322 368 2 7 361 
2323 382 2 12 370 
2324 364 2 8 356 
2325 378 2 13 365 
2326 362 2 12 350 
2327 364 2 4 360 
2328 362 2 8 354 
2329 388 2 8 380 
2330 364 2 5 359 
2331 362 2 7 355 
2332 392 2 8 384 
2333 362 2 11 351 
2334 364 2 4 360 
2335 366 2 10 356 
2336 364 2 6 358 
2337 378 2 98 280 
2338 384 2 19 365 
2339 380 2 15 365 
2340 360 2 18 342 
2341 364 2 16 348 
2342 374 2 6 368 
2343 370 2 16 354 
2344 360 2 4 356 
2345 392 2 8 384 
2346 388 2 8 380 
2347 366 2 5 361 
2348 388 2 20 368 
2349 364 2 101 263 
2350 374 2 14 360 
2351 372 2 12 360 
2352 384 2 7 377 
2353 366 2 4 362 
2354 398 2 5 393 
2355 378 2 16 362 
2356 374 2 9 365 
2357 386 2 60 326 
2358 380 2 62 318 
2359 368 2 12 356 
2360 362 2 11 351 
2361 376 2 27 349 
2362 368 2 7 361 
2363 382 2 5 377 
2364 378 2 5 373 
2365 360 2 86 274 
2366 364 2 37 327 
2367 380 2 10 370 
2368 362 2 62 300 
2369 380 2 4 376 
2370 368 2 9 359 
2371 386 2 58 328 
2372 360 2 61 299 
2373 370 2 64 306 
2374 396 2 4 392 
2375 388 2 6 382 
2376 370 2 15 355 
2377 374 2 23 351 
2378 380 2 9 371 
2379 370 2 4 366 
2380 372 2 10 362 
2381 384 2 40 344 
2382 378 2 6 372 
2383 392 2 4 388 
2384 364 2 66 298 
2385 366 2 12 354 
2386 388 2 4 384 
2387 378 2 6 372 
2388 362 2 5 357 
2389 386 2 4 382 
2390 360 2 11 349 
2391 360 2 15 345 
2392 396 2 32 364 
2393 364 2 59 305 
2394 372 2 4 368 
2395 376 2 106 270 
2396 374 2 8 366 
2397 364 2 29 335 
2398 366 2 14 352 
2399 388 2 143 245 
2400 374 2 59 315 
2401 370 2 5 365 
2402 374 2 21 353 
2403 380 2 90 290 
2404 376 2 5 371 
2405 380 2 5 375 
2406 362 2 5 357 
2407 382 2 4 378 
2408 362 2 114 248 
2409 372 2 5 367 
2410 382 2 8 374 
2411 370 2 8 362 
2412 360 2 12 348 
2413 362 2 17 345 
2414 382 2 5 377 
2415 368 2 21 347 
2416 384 2 8 376 
2417 374 2 18 356 
2418 386 2 13 373 
2419 396 2 6 390 
2420 366 2 5 361 
2421 392 2 21 371 
2422 368 2 10 358 
2423 370 2 5 365 
2424 376 2 9 367 
2425 374 2 31 343 
2426 360 2 13 347 
2427 376 2 4 372 
2428 374 2 7 367 
2429 380 2 7 373 
2430 372 2 4 368 
2431 370 2 5 365 
2432 382 2 27 355 
2433 362 2 5 357 
2434 378 2 78 300 
2435 390 2 14 376 
2436 396 2 15 381 
2437 362 2 63 299 
2438 390 2 8 382 
2439 366 2 13 353 
2440 388 2 4 384 
2441 374 2 23 351 
2442 382 2 6 376 
2443 374 2 46 328 
2444 362 2 7 355 
2445 382 2 6 376 
2446 380 2 148 232 
2447 390 2 5 385 
2448 390 2 7 383 
2449 390 2 10 380 
2450 364 2 114 250 
2451 388 2 6 382 
2452 360 2 36 324 
2453 380 2 4 376 
2454 376 2 7 369 
2455 382 2 61 321 
2456 368 2 16 352 
2457 374 2 5 369 
2458 374 2 10 364 
2459 360 2 4 356 
2460 382 2 11 371 
2461 398 2 6 392 
2462 376 2 31 345 
2463 370 2 22 348 
2464 370 2 11 359 
2465 372 2 13 359 
2466 380 2 182 198 
2467 374 2 39 335 
2468 392 2 7 385 
2469 374 2 6 368 
2470 374 2 8 366 
2471 380 2 43 337 
2472 360 2 5 355 
2473 392 2 36 356 
2474 372 2 4 368 
2475 386 2 55 331 
2476 360 2 5 355 
2477 376 2 67 309 
2478 382 2 14 368 
2479 366 2 118 248 
2480 388 2 4 384 
2481 370 2 81 289 
2482 364 2 7 357 
2483 390 2 14 376 
2484 378 2 22 356 
2485 382 2 64 318 
2486 362 2 16 346 
2487 362 2 20 342 
2488 380 2 32 348 
2489 372 2 4 368 
2490 388 2 92 296 
2491 382 2 38 344 
2492 386 2 18 368 
2493 364 2 5 359 
2494 366 2 10 356 
2495 372 2 10 362 
2496 380 2 4 376 
2497 382 2 16 366 
2498 388 2 17 371 
2499 368 2 16 352 
2500 376 2 8 368 
2501 362 2 13 349 
2502 396 2 9 387 
2503 388 2 4 384 
2504 382 2 16 366 
2505 370 2 8 362 
2506 378 2 5 373 
2507 388 2 16 372 
2508 382 2 101 281 
2509 372 2 4 368 
2510 362 2 5 357 
2511 368 2 19 349 
2512 374 2 8 366 
2513 366 2 13 353 
2514 396 2 4 392 
2515 370 2 9 361 
2516 368 2 10 358 
2517 384 2 6 378 
2518 366 2 27 339 
2519 362 2 6 356 
2520 370 2 6 364 
2521 390 2 91 299 
2522 364 2 19 345 
2523 362 2 90 272 
2524 374 2 31 343 
2525 396 2 11 385 
2526 370 2 8 362 
2527 382 2 18 364 
2528 366 2 7 359 
2529 376 2 36 340 
2530 366 2 46 320 
2531 366 2 70 296 
2532 362 2 12 350 
2533 384 2 9 375 
2534 362 2 12 350 
2535 362 2 25 337 
2536 388 2 4 384 
2537 382 2 18 364 
2538 388 2 9 379 
2539 366 2 6 360 
2540 376 2 50 326 
2541 386 2 12 374 
2542 366 2 8 358 
2543 370 2 8 362 
2544 384 2 17 367 
2545 380 2 6 374 
2546 362 2 11 351 
2547 376 2 26 350 
2548 380 2 6 374 
2549 382 2 4 378 
2550 368 2 57 311 
2551 378 2 8 370 
2552 360 2 6 354 
2553 390 2 5 385 
2554 386 2 7 379 
2555 368 2 5 363 
2556 394 2 4 390 
2557 394 2 4 390 
2558 360 2 26 334 
2559 364 2 9 355 
2560 366 2 92 274 
2561 378 2 50 328 
2562 370 2 21 349 
2563 378 2 71 307 
2564 380 2 36 344 
2565 372 2 12 360 
2566 368 2 89 279 
2567 376 2 11 365 
2568 376 2 5 371 
2569 386 2 19 367 
2570 380 2 17 363 
2571 366 2 32 334 
2572 362 2 11 351 
2573 380 2 4 376 
2574 366 2 9 357 
2575 378 2 4 374 
2576 396 2 4 392 
2577 362 2 13 349 
2578 374 2 5 369 
2579 390 2 17 373 
2580 376 2 18 358 
2581 390 2 17 373 
2582 384 2 15 369 
2583 374 2 17 357 
2584 368 2 17 351 
2585 370 2 20 350 
2586 380 2 6 374 
2587 372 2 184 188 
2588 370 2 6 364 
2589 364 2 11 353 
2590 364 2 30 334 
2591 390 2 24 366 
2592 368 2 21 347 
2593 360 2 27 333 
2594 362 2 5 357 
2595 372 2 10 362 
2596 380 2 5 375 
2597 372 2 9 363 
2598 398 2 4 394 
2599 372 2 5 367 
2600 376 2 10 366 
2601 390 2 19 371 
2602 390 2 4 386 
2603 374 2 26 348 
2604 368 2 16 352 
2605 370 2 8 362 
2606 366 2 34 332 
2607 372 2 4 368 
2608 370 2 97 273 
2609 392 2 13 379 
2610 400 2 6 394 
2611 384 2 39 345 
2612 396 2 34 362 
2613 364 2 21 343 
2614 368 2 22 346 
2615 376 2 90 286 
2616 360 2 56 304 
2617 374 2 4 370 
2618 388 2 7 381 
2619 368 2 60 308 
2620 370 2 17 353 
2621 368 2 6 362 
2622 362 2 4 358 
2623 388 2 11 377 
2624 374 2 7 367 
2625 362 2 11 351 
2626 380 2 7 373 
2627 372 2 9 363 
2628 366 2 116 250 
2629 386 2 17 369 
2630 378 2 23 355 
2631 374 2 6 368 
2632 378 2 101 277 
2633 378 2 70 308 
2634 378 2 176 202 
2635 382 2 22 360 
2636 384 2 10 374 
2637 378 2 7 371 
2638 380 2 5 375 
2639 360 2 46 314 
2640 366 2 5 361 
2641 370 2 50 320 
2642 372 2 6 366 
2643 386 2 6 380 
2644 380 2 5 375 
2645 394 2 5 389 
2646 380 2 7 373 
2647 362 2 5 357 
2648 382 2 43 339 
2649 364 2 7 357 
2650 382 2 12 370 
2651 378 2 6 372 
2652 372 2 4 368 
2653 376 2 4 372 
2654 374 2 8 366 
2655 388 2 4 384 
2656 394 2 48 346 
2657 384 2 77 307 
2658 388 2 8 380 
2659 382 2 6 376 
2660 386 2 6 380 
2661 366 2 56 310 
2662 388 2 12 376 
2663 370 2 23 347 
2664 372 2 60 312 
2665 372 2 19 353 
2666 396 2 4 392 
2667 370 2 11 359 
2668 372 2 72 300 
2669 376 2 180 196 
2670 376 2 6 370 
2671 388 2 17 371 
2672 370 2 8 362 
2673 380 2 4 376 
2674 388 2 25 363 
2675 380 2 68 312 
2676 366 2 8 358 
2677 380 2 55 325 
2678 384 2 6 378 
2679 366 2 12 354 
2680 372 2 9 363 
2681 362 2 14 348 
2682 360 2 53 307 
2683 370 2 11 359 
2684 378 2 17 361 
2685 362 2 56 306 
2686 362 2 10 352 
2687 372 2 78 294 
2688 388 2 23 365 
2689 366 2 4 362 
2690 392 2 4 388 
2691 370 2 29 341 
2692 360 2 8 352 
2693 364 2 115 249 
2694 372 2 7 365 
2695 366 2 120 246 
2696 394 2 7 387 
2697 380 2 14 366 
2698 382 2 5 377 
2699 360 2 5 355 
2700 364 2 7 357 
2701 360 2 65 295 
2702 388 2 4 384 
2703 374 2 12 362 
2704 370 2 21 349 
2705 364 2 8 356 
2706 366 2 6 360 
2707 386 2 8 378 
2708 366 2 44 322 
2709 372 2 94 278 
2710 368 2 5 363 
2711 362 2 39 323 
2712 372 2 161 211 
2713 388 2 8 380 
2714 372 2 18 354 
2715 362 2 153 209 
2716 364 2 5 359 
2717 378 2 4 374 
2718 380 2 5 375 
2719 374 2 5 369 
2720 374 2 9 365 
2721 374 2 19 355 
2722 368 2 14 354 
2723 380 2 59 321 
2724 362 2 43 319 
2725 378 2 10 368 
2726 390 2 10 380 
2727 378 2 4 374 
2728 376 2 4 372 
2729 370 2 33 337 
2730 380 2 4 376 
2731 364 2 51 313 
2732 376 2 8 368 
2733 364 2 33 331 
2734 382 2 6 376 
2735 362 2 6 356 
2736 392 2 6 386 
2737 380 2 4 376 
2738 370 2 22 348 
2739 362 2 4 358 
2740 374 2 9 365 
2741 394 2 4 390 
2742 390 2 11 379 
2743 384 2 12 372 
2744 388 2 16 372 
2745 388 2 4 384 
2746 374 2 9 365 
2747 378 2 30 348 
2748 374 2 4 370 
2749 394 2 142 252 
2750 388 2 6 382 
2751 372 2 5 367 
2752 390 2 34 356 
2753 372 2 31 341 
2754 394 2 5 389 
2755 386 2 143 243 
2756 380 2 6 374 
2757 372 2 109 263 
2758 386 2 6 380 
2759 360 2 8 352 
2760 368 2 6 362 
2761 396 2 14 382 
2762 360 2 23 337 
2763 366 2 4 362 
2764 382 2 10 372 
2765 392 2 10 382 
2766 370 2 20 350 
2767 384 2 4 380 
2768 368 2 4 364 
2769 378 2 31 347 
2770 386 2 21 365 
2771 392 2 12 380 
2772 384 2 6 378 
2773 362 2 130 232 
2774 376 2 12 364 
2775 368 2 87 281 
2776 364 2 13 351 
2777 392 2 5 387 
2778 366 2 62 304 
2779 378 2 26 352 
2780 360 2 31 329 
2781 392 2 6 386 
2782 370 2 5 365 
2783 394 2 11 383 
2784 376 2 109 267 
2785 378 2 67 311 
2786 388 2 5 383 
2787 366 2 49 317 
2788 390 2 4 386 
2789 382 2 18 364 
2790 384 2 15 369 
2791 380 2 36 344 
2792 386 2 4 382 
2793 394 2 21 373 
2794 388 2 42 346 
2795 364 2 6 358 
2796 396 2 14 382 
2797 374 2 18 356 
2798 376 2 53 323 
2799 376 2 11 365 
2800 366 2 27 339 
2801 374 2 7 367 
2802 390 2 4 386 
2803 376 2 12 364 
2804 378 2 20 358 
2805 386 2 5 381 
2806 360 2 45 315 
2807 372 2 71 301 
2808 372 2 19 353 
2809 368 2 7 361 
2810 370 2 4 366 
2811 378 2 148 230 
2812 370 2 12 358 
2813 390 2 34 356 
2814 378 2 10 368 
2815 366 2 7 359 
2816 362 2 41 321 
2817 386 2 7 379 
2818 396 2 18 378 
2819 372 2 26 346 
2820 386 2 8 378 
2821 368 2 54 314 
2822 360 2 5 355 
2823 368 2 7 361 
2824 382 2 16 366 
2825 368 2 24 344 
2826 384 2 155 229 
2827 388 2 4 384 
2828 388 2 28 360 
2829 380 2 157 223 
2830 372 2 5 367 
2831 386 2 56 330 
2832 378 2 8 370 
2833 364 2 51 313 
2834 368 2 29 339 
2835 368 2 49 319 
2836 360 2 4 356 
2837 372 2 7 365 
2838 366 2 7 359 
2839 366 2 8 358 
2840 382 2 5 377 
2841 376 2 42 334 
2842 378 2 5 373 
2843 384 2 12 372 
2844 374 2 49 325 
2845 380 2 8 372 
2846 380 2 6 374 
2847 392 2 5 387 
2848 360 2 71 289 
2849 388 2 9 379 
2850 382 2 12 370 
2851 392 2 9 383 
2852 376 2 6 370 
2853 360 2 4 356 
2854 374 2 11 363 
2855 370 2 168 202 
2856 366 2 17 349 
2857 370 2 15 355 
2858 360 2 7 353 
2859 374 2 20 354 
2860 392 2 10 382 
2861 364 2 33 331 
2862 376 2 4 372 
2863 388 2 4 384 
2864 390 2 8 382 
2865 390 2 10 380 
2866 378 2 33 345 
2867 384 2 10 374 
2868 364 2 4 360 
2869 388 2 8 380 
2870 360 2 13 347 
2871 366 2 48 318 
2872 378 2 4 374 
2873 390 2 9 381 
2874 370 2 6 364 
2875 384 2 8 376 
2876 394 2 4 390 
2877 374 2 15 359 
2878 388 2 6 382 
2879 382 2 6 376 
2880 388 2 14 374 
2881 364 2 23 341 
2882 360 2 7 353 
2883 376 2 12 364 
2884 390 2 19 371 
2885 382 2 182 200 
2886 392 2 30 362 
2887 388 2 8 380 
2888 394 2 11 383 
2889 368 2 26 342 
2890 376 2 11 365 
2891 386 2 63 323 
2892 384 2 5 379 
2893 384 2 15 369 
2894 372 2 9 363 
2895 386 2 21 365 
2896 376 2 138 238 
2897 392 2 7 385 
2898 372 2 9 363 
2899 364 2 35 329 
2900 380 2 51 329 
2901 368 2 5 363 
2902 366 2 8 358 
2903 376 2 141 235 
2904 370 2 13 357 
2905 360 2 12 348 
2906 364 2 7 357 
2907 366 2 50 316 
2908 388 2 10 378 
2909 370 2 8 362 
2910 380 2 5 375 
2911 360 2 54 306 
2912 380 2 5 375 
2913 362 2 17 345 
2914 370 2 15 355 
2915 366 2 5 361 
2916 370 2 9 361 
2917 364 2 4 360 
2918 394 2 17 377 
2919 392 2 4 388 
2920 374 2 9 365 
2921 394 2 8 386 
2922 382 2 28 354 
2923 380 2 46 334 
2924 368 2 11 357 
2925 364 2 30 334 
2926 372 2 113 259 
2927 384 2 5 379 
2928 374 2 27 347 
2929 372 2 9 363 
2930 372 2 150 222 
2931 386 2 9 377 
2932 378 2 58 320 
2933 386 2 48 338 
2934 360 2 55 305 
2935 388 2 12 376 
2936 384 2 9 375 
2937 368 2 8 360 
2938 360 2 10 350 
2939 364 2 29 335 
2940 390 2 8 382 
2941 360 2 29 331 
2942 368 2 16 352 
2943 376 2 25 351 
2944 364 2 11 353 
2945 386 2 15 371 
2946 378 2 7 371 
2947 362 2 9 353 
2948 386 2 12 374 
2949 370 2 5 365 
2950 382 2 105 277 
2951 384 2 36 348 
2952 378 2 38 340 
2953 382 2 4 378 
2954 362 2 24 338 
2955 368 2 10 358 
2956 390 2 11 379 
2957 366 2 17 349 
2958 372 2 6 366 
2959 362 2 4 358 
2960 370 2 8 362 
2961 360 2 15 345 
2962 396 2 5 391 
2963 368 2 9 359 
2964 386 2 9 377 
2965 384 2 20 364 
2966 382 2 34 348 
2967 366 2 13 353 
2968 362 2 10 352 
2969 370 2 9 361 
2970 384 2 6 378 
2971 386 2 35 351 
2972 372 2 17 355 
2973 376 2 7 369 
2974 362 2 7 355 
2975 400 2 13 387 
2976 388 2 4 384 
2977 374 2 5 369 
2978 360 2 14 346 
2979 360 2 7 353 
2980 384 2 128 256 
2981 390 2 20 370 
2982 374 2 16 358 
2983 372 2 6 366 
2984 376 2 28 348 
2985 366 2 20 346 
2986 370 2 30 340 
2987 392 2 17 375 
2988 374 2 6 368 
2989 380 2 6 374 
2990 386 2 12 374 
2991 374 2 33 341 
2992 368 2 7 361 
2993 388 2 17 371 
2994 374 2 100 274 
2995 386 2 27 359 
2996 374 2 4 370 
2997 362 2 7 355 
2998 388 2 4 384 
2999 366 2 38 328 
3000 388 2 25 363 
3001 378 2 20 358 
3002 368 2 14 354 
3003 398 2 6 392 
3004 376 2 98 278 
3005 388 2 4 384 
3006 384 2 6 378 
3007 372 2 5 367 
3008 380 2 120 260 
3009 388 2 10 378 
3010 390 2 17 373 
3011 368 2 14 354 
3012 374 2 18 356 
3013 376 2 21 355 
3014 388 2 9 379 
3015 364 2 13 351 
3016 362 2 8 354 
3017 394 2 6 388 
3018 386 2 4 382 
3019 382 2 10 372 
3020 384 2 5 379 
3021 388 2 25 363 
3022 372 2 14 358 
3023 380 2 6 374 
3024 376 2 167 209 
3025 378 2 4 374 
3026 366 2 13 353 
3027 362 2 31 331 
3028 374 2 26 348 
3029 368 2 25 343 
3030 374 2 29 345 
3031 370 2 6 364 
3032 378 2 24 354 
3033 392 2 4 388 
3034 378 2 32 346 
3035 362 2 9 353 
3036 380 2 15 365 
3037 386 2 13 373 
3038 384 2 121 263 
3039 364 2 5 359 
3040 364 2 17 347 
3041 378 2 15 363 
3042 378 2 6 372 
3043 372 2 5 367 
3044 390 2 6 384 
3045 374 2 11 363 
3046 374 2 15 359 
3047 394 2 4 390 
3048 364 2 7 357 
3049 380 2 4 376 
3050 370 2 54 316 
3051 360 2 8 352 
3052 362 2 12 350 
3053 380 2 10 370 
3054 388 2 8 380 
3055 386 2 9 377 
3056 374 2 175 199 
3057 386 2 79 307 
3058 376 2 13 363 
3059 362 2 8 354 
3060 370 2 8 362 
3061 394 2 5 389 
3062 388 2 4 384 
3063 378 2 11 367 
3064 390 2 15 375 
3065 380 2 5 375 
3066 380 2 94 286 
3067 388 2 17 371 
3068 386 2 6 380 
3069 374 2 4 370 
3070 372 2 14 358 
3071 380 2 5 375 
3072 370 2 6 364 
3073 376 2 21 355 
3074 382 2 13 369 
3075 386 2 8 378 
3076 360 2 21 339 
3077 380 2 4 376 
3078 394 2 17 377 
3079 378 2 6 372 
3080 390 2 4 386 
3081 378 2 15 363 
3082 368 2 7 361 
3083 382 2 52 330 
3084 366 2 4 362 
3085 382 2 38 344 
3086 362 2 15 347 
3087 388 2 6 382 
3088 376 2 5 371 
3089 382 2 36 346 
3090 368 2 43 325 
3091 372 2 5 367 
3092 360 2 40 320 
3093 378 2 65 313 
3094 396 2 7 389 
3095 378 2 9 369 
3096 396 2 6 390 
3097 374 2 9 365 
3098 380 2 15 365 
3099 364 2 58 306 
3100 392 2 11 381 
3101 364 2 94 270 
3102 378 2 33 345 
3103 374 2 77 297 
3104 390 2 32 358 
3105 388 2 70 318 
3106 370 2 5 365 
3107 364 2 6 358 
3108 376 2 27 349 
3109 374 2 7 367 
3110 364 2 22 342 
3111 360 2 13 347 
3112 370 2 83 287 
3113 360 2 8 352 
3114 374 2 5 369 
3115 378 2 122 256 
3116 370 2 16 354 
3117 380 2 4 376 
3118 382 2 6 376 
3119 382 2 10 372 
3120 382 2 8 374 
3121 360 2 13 347 
3122 376 2 7 369 
3123 378 2 29 349 
3124 396 2 7 389 
3125 386 2 9 377 
3126 378 2 10 368 
3127 374 2 57 317 
3128 364 2 27 337 
3129 368 2 5 363 
3130 390 2 4 386 
3131 400 2 8 392 
3132 382 2 8 374 
3133 376 2 65 311 
3134 364 2 21 343 
3135 362 2 31 331 
3136 360 2 17 343 
3137 364 2 4 360 
3138 394 2 9 385 
3139 384 2 13 371 
3140 374 2 7 367 
3141 376 2 8 368 
3142 382 2 98 284 
3143 374 2 24 350 
3144 368 2 13 355 
3145 366 2 67 299 
3146 364 2 5 359 
3147 368 2 20 348 
3148 396 2 4 392 
3149 368 2 12 356 
3150 390 2 4 386 
3151 372 2 4 368 
3152 372 2 8 364 
3153 388 2 6 382 
3154 366 2 65 301 
3155 362 2 36 326 
3156 368 2 112 256 
3157 392 2 5 387 
3158 380 2 4 376 
3159 384 2 18 366 
3160 374 2 7 367 
3161 374 2 4 370 
3162 384 2 17 367 
3163 378 2 11 367 
3164 384 2 22 362 
3165 366 2 4 362 
3166 390 2 141 249 
3167 384 2 20 364 
3168 378 2 92 286 
3169 382 2 5 377 
3170 370 2 9 361 
3171 380 2 7 373 
3172 366 2 14 352 
3173 372 2 10 362 
3174 382 2 4 378 
3175 370 2 5 365 
3176 380 2 11 369 
3177 360 2 170 190 
3178 396 2 7 389 
3179 394 2 13 381 
3180 388 2 5 383 
3181 382 2 30 352 
3182 390 2 4 386 
3183 394 2 5 389 
3184 362 2 6 356 
3185 370 2 105 265 
3186 360 2 4 356 
3187 372 2 28 344 
3188 364 2 5 359 
3189 372 2 6 366 
3190 360 2 4 356 
3191 376 2 6 370 
3192 374 2 4 370 
3193 370 2 16 354 
3194 390 2 7 383 
3195 374 2 5 369 
3196 378 2 8 370 
3197 384 2 8 376 
3198 382 2 28 354 
3199 386 2 26 360 
3200 376 2 6 370 
3201 382 2 66 316 
3202 382 2 4 378 
3203 382 2 14 368 
3204 386 2 52 334 
3205 372 2 4 368 
3206 376 2 66 310 
3207 390 2 5 385 
3208 372 2 9 363 
3209 378 2 6 372 
3210 366 2 7 359 
3211 392 2 6 386 
3212 380 2 18 362 
3213 386 2 7 379 
3214 388 2 20 368 
3215 392 2 108 284 
3216 374 2 5 369 
3217 362 2 135 227 
3218 370 2 10 360 
3219 370 2 35 335 
3220 386 2 74 312 
3221 366 2 13 353 
3222 378 2 61 317 
3223 368 2 5 363 
3224 384 2 70 314 
3225 368 2 44 324 
3226 372 2 174 198 
3227 392 2 4 388 
3228 382 2 182 200 
3229 366 2 4 362 
3230 374 2 4 370 
3231 370 2 116 254 
3232 394 2 24 370 
3233 372 2 4 368 
3234 390 2 4 386 
3235 360 2 4 356 
3236 382 2 37 345 
3237 362 2 112 250 
3238 382 2 8 374 
3239 390 2 30 360 
3240 388 2 4 384 
3241 378 2 7 371 
3242 372 2 5 367 
3243 360 2 13 347 
3244 374 2 4 370 
3245 384 2 13 371 
3246 372 2 14 358 
3247 378 2 10 368 
3248 374 2 4 370 
3249 376 2 7 369 
3250 372 2 23 349 
3251 368 2 8 360 
3252 372 2 13 359 
3253 384 2 18 366 
3254 370 2 102 268 
3255 382 2 136 246 
3256 364 2 4 360 
3257 382 2 6 376 
3258 386 2 7 379 
3259 392 2 69 323 
3260 384 2 5 379 
3261 366 2 7 359 
3262 366 2 4 362 
3263 392 2 5 387 
3264 374 2 4 370 
3265 388 2 4 384 
3266 386 2 93 293 
3267 384 2 14 370 
3268 380 2 53 327 
3269 384 2 5 379 
3270 374 2 33 341 
3271 380 2 62 318 
3272 372 2 75 297 
3273 372 2 8 364 
3274 388 2 9 379 
3275 362 2 35 327 
3276 382 2 4 378 
3277 370 2 30 340 
3278 372 2 4 368 
3279 376 2 13 363 
3280 376 2 16 360 
3281 360 2 5 355 
3282 362 2 29 333 
3283 378 2 21 357 
3284 390 2 8 382 
3285 384 2 52 332 
3286 366 2 17 349 
3287 362 2 9 353 
3288 378 2 45 333 
3289 384 2 5 379 
3290 360 2 4 356 
3291 378 2 19 359 
3292 390 2 10 380 
3293 384 2 25 359 
3294 392 2 17 375 
3295 364 2 13 351 
3296 382 2 38 344 
3297 382 2 4 378 
3298 384 2 29 355 
3299 368 2 21 347 
3300 370 2 32 338 
3301 392 2 16 376 
3302 384 2 64 320 
3303 386 2 8 378 
3304 382 2 15 367 
3305 362 2 6 356 
3306 386 2 42 344 
3307 372 2 21 351 
3308 370 2 4 366 
3309 376 2 15 361 
3310 380 2 4 376 
3311 370 2 7 363 
3312 396 2 12 384 
3313 378 2 21 357 
3314 386 2 16 370 
3315 388 2 15 373 
3316 380 2 37 343 
3317 396 2 28 368 
3318 386 2 16 370 
3319 394 2 11 383 
3320 390 2 24 366 
3321 388 2 14 374 
3322 362 2 4 358 
3323 370 2 9 361 
3324 364 2 6 358 
3325 366 2 25 341 
3326 362 2 4 358 
3327 376 2 182 194 
3328 394 2 7 387 
3329 382 2 5 377 
3330 380 2 18 362 
3331 366 2 25 341 
3332 366 2 20 346 
3333 372 2 7 365 
3334 382 2 5 377 
3335 362 2 83 279 
3336 360 2 8 352 
3337 380 2 28 352 
3338 384 2 73 311 
3339 386 2 89 297 
3340 376 2 6 370 
3341 376 2 7 369 
3342 374 2 20 354 
3343 378 2 10 368 
3344 370 2 105 265 
3345 370 2 15 355 
3346 378 2 8 370 
3347 368 2 10 358 
3348 378 2 12 366 
3349 372 2 11 361 
3350 370 2 54 316 
3351 382 2 10 372 
3352 364 2 128 236 
3353 390 2 5 385 
3354 360 2 55 305 
3355 374 2 101 273 
3356 370 2 15 355 
3357 394 2 5 389 
3358 362 2 7 355 
3359 362 2 13 349 
3360 360 2 6 354 
3361 364 2 4 360 
3362 376 2 21 355 
3363 360 2 31 329 
3364 360 2 5 355 
3365 394 2 10 384 
3366 384 2 17 367 
3367 390 2 5 385 
3368 390 2 45 345 
3369 364 2 8 356 
3370 376 2 38 338 
3371 378 2 13 365 
3372 374 2 29 345 
3373 392 2 6 386 
3374 376 2 10 366 
3375 378 2 22 356 
3376 396 2 17 379 
3377 362 2 7 355 
3378 366 2 4 362 
3379 368 2 23 345 
3380 380 2 58 322 
3381 388 2 4 384 
3382 380 2 147 233 
3383 360 2 5 355 
3384 390 2 18 372 
3385 380 2 9 371 
3386 382 2 14 368 
3387 380 2 178 202 
3388 382 2 6 376 
3389 390 2 5 385 
3390 378 2 4 374 
3391 374 2 6 368 
3392 372 2 73 299 
3393 388 2 27 361 
3394 372 2 127 245 
3395 382 2 5 377 
3396 382 2 14 368 
3397 372 2 14 358 
3398 364 2 5 359 
3399 362 2 28 334 
3400 388 2 4 384 
3401 388 2 5 383 
3402 364 2 15 349 
3403 366 2 14 352 
3404 392 2 5 387 
3405 368 2 4 364 
3406 380 2 179 201 
3407 380 2 15 365 
3408 382 2 7 375 
3409 368 2 4 364 
3410 386 2 6 380 
3411 372 2 4 368 
3412 394 2 7 387 
3413 380 2 15 365 
3414 378 2 18 360 
3415 396 2 45 351 
3416 384 2 26 358 
3417 382 2 9 373 
3418 392 2 95 297 
3419 366 2 4 362 
3420 394 2 12 382 
3421 360 2 132 228 
3422 368 2 7 361 
3423 382 2 52 330 
3424 372 2 6 366 
3425 360 2 10 350 
3426 372 2 4 368 
3427 366 2 5 361 
3428 380 2 10 370 
3429 388 2 17 371 
3430 376 2 6 370 
3431 386 2 7 379 
3432 382 2 55 327 
3433 362 2 5 357 
3434 366 2 12 354 
3435 386 2 12 374 
3436 370 2 103 267 
3437 372 2 15 357 
3438 384 2 16 368 
3439 372 2 5 367 
3440 380 2 9 371 
3441 362 2 16 346 
3442 390 2 45 345 
3443 370 2 5 365 
3444 370 2 12 358 
3445 398 2 7 391 
3446 366 2 12 354 
3447 360 2 28 332 
3448 376 2 5 371 
3449 362 2 4 358 
3450 360 2 16 344 
3451 368 2 6 362 
3452 366 2 8 358 
3453 380 2 31 349 
3454 374 2 43 331 
3455 372 2 6 366 
3456 392 2 17 375 
3457 360 2 28 332 
3458 384 2 11 373 
3459 374 2 6 368 
3460 392 2 4 388 
3461 386 2 15 371 
3462 392 2 13 379 
3463 376 2 4 372 
3464 386 2 56 330 
3465 386 2 16 370 
3466 370 2 35 335 
3467 368 2 8 360 
3468 362 2 65 297 
3469 392 2 5 387 
3470 360 2 27 333 
3471 372 2 165 207 
3472 362 2 81 281 
3473 366 2 169 197 
3474 372 2 6 366 
3475 362 2 6 356 
3476 372 2 5 367 
3477 364 2 34 330 
3478 374 2 34 340 
3479 390 2 10 380 
3480 372 2 32 340 
3481 376 2 128 248 
3482 388 2 6 382 
3483 390 2 8 382 
3484 386 2 16 370 
3485 382 2 13 369 
3486 380 2 19 361 
3487 368 2 110 258 
3488 380 2 6 374 
3489 368 2 5 363 
3490 388 2 8 380 
3491 388 2 4 384 
3492 388 2 12 376 
3493 380 2 4 376 
3494 374 2 19 355 
3495 378 2 13 365 
3496 364 2 18 346 
3497 374 2 10 364 
3498 378 2 13 365 
3499 382 2 28 354 
3500 390 2 52 338 
3501 368 2 5 363 
3502 360 2 15 345 
3503 394 2 54 340 
3504 372 2 45 327 
3505 384 2 7 377 
3506 362 2 6 356 
3507 392 2 10 382 
3508 374 2 11 363 
3509 378 2 4 374 
3510 386 2 16 370 
3511 380 2 4 376 
3512 388 2 4 384 
3513 388 2 71 317 
3514 366 2 11 355 
3515 376 2 17 359 
3516 372 2 9 363 
3517 372 2 4 368 
3518 370 2 41 329 
3519 370 2 15 355 
3520 362 2 4 358 
3521 384 2 65 319 
3522 364 2 12 352 
3523 374 2 20 354 
3524 376 2 112 264 
3525 362 2 5 357 
3526 360 2 10 350 
3527 384 2 7 377 
3528 364 2 33 331 
3529 394 2 8 386 
3530 376 2 12 364 
3531 382 2 7 375 
3532 388 2 26 362 
3533 374 2 22 352 
3534 394 2 5 389 
3535 376 2 8 368 
3536 364 2 12 352 
3537 368 2 22 346 
3538 370 2 22 348 
3539 374 2 4 370 
3540 360 2 11 349 
3541 368 2 5 363 
3542 360 2 4 356 
3543 392 2 15 377 
3544 382 2 20 362 
3545 368 2 126 242 
3546 376 2 4 372 
3547 364 2 6 358 
3548 376 2 5 371 
3549 362 2 10 352 
3550 360 2 4 356 
3551 378 2 5 373 
3552 392 2 14 378 
3553 364 2 14 350 
3554 392 2 5 387 
3555 360 2 11 349 
3556 368 2 4 364 
3557 382 2 9 373 
3558 390 2 7 383 
3559 368 2 9 359 
3560 396 2 5 391 
3561 364 2 17 347 
3562 374 2 5 369 
3563 370 2 23 347 
3564 378 2 5 373 
3565 370 2 66 304 
3566 360 2 71 289 
3567 380 2 8 372 
3568 372 2 4 368 
3569 374 2 100 274 
3570 372 2 8 364 
3571 366 2 6 360 
3572 396 2 6 390 
3573 364 2 30 334 
3574 386 2 7 379 
3575 378 2 5 373 
3576 360 2 12 348 
3577 384 2 24 360 
3578 384 2 9 375 
3579 386 2 8 378 
3580 390 2 5 385 
3581 372 2 8 364 
3582 382 2 35 347 
3583 386 2 5 381 
3584 388 2 5 383 
3585 372 2 22 350 
3586 366 2 16 350 
3587 374 2 157 217 
3588 380 2 10 370 
3589 380 2 12 368 
3590 376 2 4 372 
3591 382 2 7 375 
3592 360 2 13 347 
3593 360 2 8 352 
3594 372 2 26 346 
3595 382 2 9 373 
3596 364 2 8 356 
3597 382 2 52 330 
3598 364 2 134 230 
3599 396 2 8 388 
3600 394 2 6 388 
3601 364 2 4 360 
3602 372 2 34 338 
3603 362 2 6 356 
3604 362 2 31 331 
3605 392 2 4 388 
3606 366 2 5 361 
3607 368 2 14 354 
3608 378 2 8 370 
3609 394 2 6 388 
3610 372 2 17 355 
3611 360 2 21 339 
3612 374 2 14 360 
3613 390 2 67 323 
3614 370 2 20 350 
3615 384 2 13 371 
3616 376 2 52 324 
3617 364 2 10 354 
3618 384 2 8 376 
3619 368 2 5 363 
3620 386 2 6 380 
3621 364 2 26 338 
3622 376 2 7 369 
3623 372 2 9 363 
3624 376 2 4 372 
3625 380 2 134 246 
3626 360 2 13 347 
3627 390 2 11 379 
3628 390 2 22 368 
3629 388 2 20 368 
3630 390 2 7 383 
3631 378 2 13 365 
3632 372 2 5 367 
3633 366 2 30 336 
3634 368 2 12 356 
3635 374 2 76 298 
3636 372 2 7 365 
3637 388 2 7 381 
3638 384 2 5 379 
3639 362 2 31 331 
3640 376 2 11 365 
3641 372 2 4 368 
3642 374 2 6 368 
3643 376 2 18 358 
3644 368 2 7 361 
3645 370 2 85 285 
3646 368 2 21 347 
3647 378 2 85 293 
3648 362 2 35 327 
3649 368 2 5 363 
3650 372 2 6 366 
3651 388 2 8 380 
3652 382 2 5 377 
3653 386 2 4 382 
3654 374 2 5 369 
3655 390 2 7 383 
3656 362 2 28 334 
3657 382 2 5 377 
3658 384 2 4 380 
3659 388 2 15 373 
3660 362 2 46 316 
3661 384 2 9 375 
3662 394 2 12 382 
3663 384 2 4 380 
3664 380 2 17 363 
3665 372 2 29 343 
3666 376 2 27 349 
3667 390 2 22 368 
3668 386 2 4 382 
3669 378 2 8 370 
3670 368 2 4 364 
3671 368 2 4 364 
3672 364 2 7 357 
3673 376 2 5 371 
3674 388 2 15 373 
3675 398 2 66 332 
3676 374 2 77 297 
3677 380 2 8 372 
3678 394 2 24 370 
3679 390 2 7 383 
3680 372 2 21 351 
3681 378 2 24 354 
3682 362 2 93 269 
3683 376 2 4 372 
3684 384 2 11 373 
3685 368 2 9 359 
3686 388 2 55 333 
3687 378 2 59 319 
3688 366 2 14 352 
3689 368 2 18 350 
3690 370 2 10 360 
3691 386 2 27 359 
3692 380 2 9 371 
3693 360 2 5 355 
3694 382 2 21 361 
3695 360 2 4 356 
3696 372 2 23 349 
3697 376 2 7 369 
3698 384 2 5 379 
3699 390 2 8 382 
3700 394 2 27 367 
3701 374 2 13 361 
3702 398 2 4 394 
3703 368 2 4 364 
3704 362 2 28 334 
3705 368 2 19 349 
3706 382 2 12 370 
3707 384 2 5 379 
3708 388 2 8 380 
3709 382 2 15 367 
3710 376 2 7 369 
3711 392 2 6 386 
3712 362 2 5 357 
3713 374 2 39 335 
3714 374 2 7 367 
3715 364 2 4 360 
3716 372 2 14 358 
3717 388 2 4 384 
3718 360 2 5 355 
3719 366 2 7 359 
3720 382 2 18 364 
3721 364 2 4 360 
3722 390 2 9 381 
3723 378 2 8 370 
3724 366 2 4 362 
3725 372 2 5 367 
3726 360 2 13 347 
3727 384 2 33 351 
3728 370 2 6 364 
3729 384 2 8 376 
3730 384 2 8 376 
3731 374 2 4 370 
3732 378 2 17 361 
3733 386 2 40 346 
3734 396 2 8 388 
3735 376 2 5 371 
3736 362 2 11 351 
3737 396 2 4 392 
3738 390 2 4 386 
3739 386 2 5 381 
3740 392 2 9 383 
3741 382 2 61 321 
3742 360 2 8 352 
3743 390 2 5 385 
3744 394 2 57 337 
3745 382 2 17 365 
3746 390 2 22 368 
3747 360 2 107 253 
3748 368 2 21 347 
3749 370 2 4 366 
3750 378 2 10 368 
3751 362 2 7 355 
3752 388 2 25 363 
3753 370 2 6 364 
3754 384 2 8 376 
3755 372 2 28 344 
3756 374 2 22 352 
3757 368 2 9 359 
3758 366 2 14 352 
3759 362 2 5 357 
3760 396 2 17 379 
3761 374 2 65 309 
3762 366 2 7 359 
3763 390 2 7 383 
3764 374 2 23 351 
3765 364 2 18 346 
3766 378 2 7 371 
3767 366 2 4 362 
3768 384 2 32 352 
3769 366 2 4 362 
3770 378 2 43 335 
3771 384 2 12 372 
3772 396 2 6 390 
3773 384 2 4 380 
3774 366 2 17 349 
3775 380 2 6 374 
3776 368 2 49 319 
3777 374 2 131 243 
3778 370 2 19 351 
3779 386 2 9 377 
3780 380 2 4 376 
3781 390 2 4 386 
3782 382 2 5 377 
3783 362 2 8 354 
3784 386 2 7 379 
3785 360 2 6 354 
3786 360 2 29 331 
3787 382 2 10 372 
3788 362 2 5 357 
3789 372 2 4 368 
3790 388 2 16 372 
3791 360 2 35 325 
3792 378 2 25 353 
3793 368 2 16 352 
3794 376 2 7 369 
3795 374 2 4 370 
3796 396 2 5 391 
3797 368 2 4 364 
3798 372 2 170 202 
3799 372 2 6 366 
3800 364 2 8 356 
3801 362 2 22 340 
3802 368 2 4 364 
3803 370 2 12 358 
3804 386 2 5 381 
3805 376 2 20 356 
3806 362 2 4 358 
3807 368 2 11 357 
3808 390 2 15 375 
3809 384 2 6 378 
3810 364 2 6 358 
3811 366 2 4 362 
3812 388 2 11 377 
3813 364 2 18 346 
3814 366 2 6 360 
3815 386 2 92 294 
3816 360 2 30 330 
3817 370 2 4 366 
3818 380 2 14 366 
3819 364 2 49 315 
3820 368 2 5 363 
3821 376 2 43 333 
3822 372 2 4 368 
3823 370 2 17 353 
3824 384 2 20 364 
3825 384 2 52 332 
3826 392 2 4 388 
3827 380 2 4 376 
3828 370 2 11 359 
3829 366 2 107 259 
3830 372 2 32 340 
3831 372 2 51 321 
3832 382 2 21 361 
3833 392 2 5 387 
3834 390 2 5 385 
3835 394 2 7 387 
3836 360 2 6 354 
3837 374 2 4 370 
3838 380 2 5 375 
3839 364 2 27 337 
3840 382 2 15 367 
3841 366 2 35 331 
3842 388 2 5 383 
3843 370 2 9 361 
3844 388 2 4 384 
3845 368 2 9 359 
3846 390 2 17 373 
3847 364 2 11 353 
3848 380 2 117 263 
3849 378 2 11 367 
3850 362 2 23 339 
3851 386 2 149 237 
3852 380 2 4 376 
3853 370 2 10 360 
3854 388 2 9 379 
3855 376 2 12 364 
3856 368 2 4 364 
3857 362 2 7 355 
3858 376 2 4 372 
3859 376 2 36 340 
3860 362 2 28 334 
3861 362 2 4 358 
3862 388 2 80 308 
3863 380 2 6 374 
3864 380 2 4 376 
3865 376 2 11 365 
3866 376 2 6 370 
3867 386 2 12 374 
3868 390 2 4 386 
3869 380 2 66 314 
3870 392 2 5 387 
3871 386 2 90 296 
3872 364 2 20 344 
3873 392 2 33 359 
3874 378 2 113 265 
3875 382 2 69 313 
3876 388 2 9 379 
3877 380 2 4 376 
3878 382 2 9 373 
3879 370 2 7 363 
3880 382 2 120 262 
3881 388 2 9 379 
3882 376 2 10 366 
3883 388 2 16 372 
3884 364 2 96 268 
3885 370 2 9 361 
3886 380 2 6 374 
3887 364 2 29 335 
3888 372 2 8 364 
3889 382 2 31 351 
3890 392 2 7 385 
3891 386 2 6 380 
3892 360 2 9 351 
3893 362 2 6 356 
3894 380 2 7 373 
3895 378 2 14 364 
3896 370 2 9 361 
3897 362 2 23 339 
3898 386 2 7 379 
3899 390 2 4 386 
3900 386 2 16 370 
3901 386 2 73 313 
3902 368 2 129 239 
3903 396 2 8 388 
3904 382 2 92 290 
3905 382 2 4 378 
3906 370 2 4 366 
3907 396 2 20 376 
3908 364 2 91 273 
3909 364 2 5 359 
3910 364 2 7 357 
3911 374 2 6 368 
3912 368 2 7 361 
3913 382 2 16 366 
3914 382 2 4 378 
3915 368 2 4 364 
3916 364 2 11 353 
3917 376 2 13 363 
3918 368 2 26 342 
3919 360 2 23 337 
3920 386 2 4 382 
3921 372 2 38 334 
3922 390 2 11 379 
3923 382 2 15 367 
3924 394 2 12 382 
3925 390 2 7 383 
3926 392 2 13 379 
3927 388 2 6 382 
3928 362 2 25 337 
3929 384 2 4 380 
3930 394 2 15 379 
3931 380 2 42 338 
3932 382 2 88 294 
3933 382 2 4 378 
3934 362 2 10 352 
3935 386 2 77 309 
3936 374 2 13 361 
3937 360 2 125 235 
3938 390 2 8 382 
3939 362 2 56 306 
3940 372 2 6 366 
3941 364 2 44 320 
3942 360 2 11 349 
3943 380 2 30 350 
3944 362 2 6 356 
3945 378 2 8 370 
3946 362 2 10 352 
3947 390 2 7 383 
3948 364 2 54 310 
3949 372 2 23 349 
3950 386 2 88 298 
3951 380 2 6 374 
3952 370 2 12 358 
3953 392 2 17 375 
3954 362 2 11 351 
3955 384 2 5 379 
3956 360 2 4 356 
3957 372 2 11 361 
3958 386 2 15 371 
3959 392 2 14 378 
3960 380 2 13 367 
3961 370 2 18 352 
3962 388 2 5 383 
3963 364 2 5 359 
3964 372 2 46 326 
3965 380 2 12 368 
3966 372 2 4 368 
3967 388 2 53 335 
3968 386 2 8 378 
3969 368 2 5 363 
3970 386 2 20 366 
3971 376 2 4 372 
3972 398 2 8 390 
3973 378 2 7 371 
3974 384 2 115 269 
3975 374 2 10 364 
3976 368 2 48 320 
3977 384 2 9 375 
3978 362 2 69 293 
3979 386 2 16 370 
3980 378 2 5 373 
3981 384 2 11 373 
3982 380 2 190 190 
3983 390 2 21 369 
3984 366 2 7 359 
3985 378 2 37 341 
3986 390 2 7 383 
3987 368 2 4 364 
3988 390 2 16 374 
3989 360 2 6 354 
3990 364 2 51 313 
3991 372 2 7 365 
3992 396 2 22 374 
3993 382 2 5 377 
3994 378 2 30 348 
3995 386 2 10 376 
3996 374 2 15 359 
3997 362 2 9 353 
3998 362 2 10 352 
3999 374 2 5 369 
4000 376 2 33 343 
4001 384 2 24 360 
4002 362 2 7 355 
4003 388 2 7 381 
4004 370 2 14 356 
4005 384 2 6 378 
4006 384 2 5 379 
4007 362 2 19 343 
4008 374 2 5 369 
4009 382 2 39 343 
4010 378 2 149 229 
4011 378 2 52 326 
4012 368 2 7 361 
4013 384 2 25 359 
4014 376 2 4 372 
4015 394 2 4 390 
4016 386 2 25 361 
4017 372 2 30 342 
4018 376 2 81 295 
4019 384 2 77 307 
4020 364 2 139 225 
4021 386 2 30 356 
4022 394 2 7 387 
4023 380 2 8 372 
4024 370 2 15 355 
4025 362 2 61 301 
4026 386 2 11 375 
4027 384 2 4 380 
4028 380 2 6 374 
4029 374 2 6 368 
4030 386 2 7 379 
4031 364 2 13 351 
4032 364 2 37 327 
4033 384 2 5 379 
4034 366 2 6 360 
4035 382 2 7 375 
4036 366 2 86 280 
4037 378 2 5 373 
4038 382 2 9 373 
4039 392 2 8 384 
4040 394 2 8 386 
4041 376 2 18 358 
4042 380 2 10 370 
4043 384 2 5 379 
4044 360 2 9 351 
4045 380 2 6 374 
4046 382 2 10 372 
4047 374 2 7 367 
4048 364 2 25 339 
4049 394 2 14 380 
4050 374 2 8 366 
4051 376 2 19 357 
4052 376 2 18 358 
4053 362 2 7 355 
4054 394 2 4 390 
4055 376 2 4 372 
4056 378 2 49 329 
4057 374 2 11 363 
4058 392 2 4 388 
4059 364 2 4 360 
4060 386 2 22 364 
4061 360 2 8 352 
4062 386 2 5 381 
4063 368 2 4 364 
4064 366 2 8 358 
4065 370 2 27 343 
4066 360 2 24 336 
4067 362 2 6 356 
4068 366 2 9 357 
4069 394 2 26 368 
4070 376 2 8 368 
4071 392 2 16 376 
4072 372 2 60 312 
4073 374 2 5 369 
4074 374 2 5 369 
4075 398 2 66 332 
4076 366 2 37 329 
4077 392 2 4 388 
4078 378 2 6 372 
4079 362 2 10 352 
4080 386 2 6 380 
4081 362 2 15 347 
4082 374 2 5 369 
4083 388 2 4 384 
4084 394 2 10 384 
4085 372 2 9 363 
4086 368 2 5 363 
4087 360 2 64 296 
4088 390 2 16 374 
4089 378 2 26 352 
4090 380 2 5 375 
4091 372 2 4 368 
4092 390 2 6 384 
4093 364 2 31 333 
4094 392 2 6 386 
4095 394 2 14 380 
4096 384 2 12 372 
4097 366 2 13 353 
4098 362 2 10 352 
4099 364 2 25 339 
4100 364 2 6 358 
4101 380 2 4 376 
4102 370 2 5 365 
4103 384 2 11 373 
4104 388 2 5 383 
4105 382 2 19 363 
4106 384 2 6 378 
4107 382 2 33 349 
4108 362 2 54 308 
4109 380 2 15 365 
4110 380 2 6 374 
4111 360 2 8 352 
4112 378 2 11 367 
4113 386 2 5 381 
4114 392 2 33 359 
4115 388 2 11 377 
4116 370 2 7 363 
4117 386 2 4 382 
4118 370 2 56 314 
4119 376 2 4 372 
4120 368 2 9 359 
4121 364 2 71 293 
4122 360 2 4 356 
4123 388 2 22 366 
4124 370 2 19 351 
4125 380 2 8 372 
4126 370 2 4 366 
4127 380 2 98 282 
4128 366 2 20 346 
4129 364 2 7 357 
4130 368 2 11 357 
4131 366 2 31 335 
4132 384 2 123 261 
4133 362 2 124 238 
4134 368 2 5 363 
4135 360 2 4 356 
4136 372 2 14 358 
4137 370 2 51 319 
4138 388 2 4 384 
4139 368 2 30 338 
4140 370 2 70 300 
4141 392 2 20 372 
4142 366 2 20 346 
4143 360 2 7 353 
4144 386 2 5 381 
4145 374 2 53 321 
4146 370 2 10 360 
4147 364 2 6 358 
4148 390 2 4 386 
4149 384 2 9 375 
4150 374 2 8 366 
4151 388 2 5 383 
4152 376 2 4 372 
4153 378 2 10 368 
4154 390 2 20 370 
4155 386 2 15 371 
4156 390 2 5 385 
4157 378 2 4 374 
4158 378 2 6 372 
4159 372 2 17 355 
4160 362 2 4 358 
4161 364 2 5 359 
4162 392 2 16 376 
4163 360 2 6 354 
4164 378 2 6 372 
4165 376 2 30 346 
4166 360 2 20 340 
4167 396 2 6 390 
4168 370 2 7 363 
4169 384 2 8 376 
4170 378 2 41 337 
4171 370 2 65 305 
4172 374 2 68 306 
4173 368 2 5 363 
4174 366 2 38 328 
4175 380 2 6 374 
4176 364 2 6 358 
4177 382 2 32 350 
4178 370 2 9 361 
4179 382 2 27 355 
4180 390 2 54 336 
4181 388 2 7 381 
4182 374 2 58 316 
4183 362 2 6 356 
4184 390 2 8 382 
4185 376 2 4 372 
4186 378 2 42 336 
4187 370 2 21 349 
4188 366 2 66 300 
4189 362 2 4 358 
4190 384 2 4 380 
4191 382 2 6 376 
4192 366 2 69 297 
4193 360 2 24 336 
4194 366 2 4 362 
4195 366 2 4 362 
4196 380 2 10 370 
4197 384 2 64 320 
4198 364 2 41 323 
4199 360 2 18 342 
4200 380 2 15 365 
4201 380 2 4 376 
4202 380 2 9 371 
4203 370 2 4 366 
4204 394 2 7 387 
4205 366 2 6 360 
4206 376 2 7 369 
4207 374 2 31 343 
4208 378 2 10 368 
4209 384 2 13 371 
4210 382 2 20 362 
4211 370 2 5 365 
4212 388 2 16 372 
4213 362 2 6 356 
4214 378 2 4 374 
4215 368 2 5 363 
4216 392 2 5 387 
4217 374 2 10 364 
4218 372 2 13 359 
4219 366 2 182 184 
4220 392 2 8 384 
4221 382 2 16 366 
4222 362 2 4 358 
4223 376 2 90 286 
4224 394 2 7 387 
4225 382 2 82 300 
4226 388 2 62 326 
4227 384 2 8 376 
4228 374 2 5 369 
4229 362 2 8 354 
4230 372 2 37 335 
4231 384 2 6 378 
4232 364 2 11 353 
4233 372 2 6 366 
4234 382 2 8 374 
4235 368 2 8 360 
4236 376 2 14 362 
4237 366 2 6 360 
4238 394 2 10 384 
4239 376 2 5 371 
4240 390 2 4 386 
4241 374 2 45 329 
4242 372 2 4 368 
4243 366 2 6 360 
4244 398 2 18 380 
4245 366 2 8 358 
4246 378 2 26 352 
4247 368 2 8 360 
4248 382 2 4 378 
4249 392 2 18 374 
4250 382 2 62 320 
4251 380 2 7 373 
4252 376 2 4 372 
4253 372 2 41 331 
4254 394 2 8 386 
4255 366 2 5 361 
4256 376 2 126 250 
4257 372 2 174 198 
4258 374 2 43 331 
4259 378 2 4 374 
4260 364 2 17 347 
4261 378 2 62 316 
4262 376 2 35 341 
4263 376 2 4 372 
4264 382 2 5 377 
4265 390 2 17 373 
4266 372 2 4 368 
4267 364 2 20 344 
4268 368 2 29 339 
4269 370 2 8 362 
4270 376 2 33 343 
4271 360 2 10 350 
4272 364 2 117 247 
4273 392 2 12 380 
4274 384 2 4 380 
4275 378 2 5 373 
4276 392 2 9 383 
4277 392 2 5 387 
4278 382 2 11 371 
4279 368 2 39 329 
4280 362 2 17 345 
4281 390 2 4 386 
4282 370 2 8 362 
4283 386 2 25 361 
4284 394 2 6 388 
4285 394 2 5 389 
4286 376 2 8 368 
4287 364 2 4 360 
4288 378 2 11 367 
4289 386 2 13 373 
4290 396 2 4 392 
4291 380 2 45 335 
4292 382 2 4 378 
4293 392 2 17 375 
4294 390 2 10 380 
4295 378 2 9 369 
4296 376 2 10 366 
4297 366 2 5 361 
4298 372 2 5 367 
4299 388 2 78 310 
4300 392 2 5 387 
4301 364 2 13 351 
4302 382 2 18 364 
4303 376 2 63 313 
4304 386 2 33 353 
4305 396 2 7 389 
4306 368 2 70 298 
4307 378 2 16 362 
4308 378 2 4 374 
4309 370 2 5 365 
4310 382 2 6 376 
4311 376 2 4 372 
4312 362 2 5 357 
4313 380 2 21 359 
4314 366 2 55 311 
4315 396 2 27 369 
4316 372 2 4 368 
4317 392 2 72 320 
4318 364 2 6 358 
4319 360 2 4 356 
4320 390 2 20 370 
4321 364 2 12 352 
4322 382 2 5 377 
4323 362 2 5 357 
4324 374 2 11 363 
4325 378 2 24 354 
4326 362 2 17 345 
4327 364 2 12 352 
4328 368 2 16 352 
4329 374 2 12 362 
4330 392 2 4 388 
4331 362 2 26 336 
4332 384 2 10 374 
4333 380 2 5 375 
4334 386 2 24 362 
4335 390 2 7 383 
4336 398 2 7 391 
4337 360 2 8 352 
4338 394 2 9 385 
4339 378 2 4 374 
4340 368 2 10 358 
4341 388 2 5 383 
4342 360 2 5 355 
4343 364 2 8 356 
4344 370 2 27 343 
4345 382 2 5 377 
4346 366 2 10 356 
4347 376 2 12 364 
4348 382 2 58 324 
4349 360 2 7 353 
4350 360 2 9 351 
4351 388 2 90 298 
4352 360 2 8 352 
4353 384 2 10 374 
4354 368 2 37 331 
4355 372 2 9 363 
4356 364 2 4 360 
4357 368 2 4 364 
4358 360 2 6 354 
4359 370 2 22 348 
4360 370 2 6 364 
4361 380 2 4 376 
4362 374 2 5 369 
4363 370 2 7 363 
4364 388 2 15 373 
4365 380 2 4 376 
4366 382 2 110 272 
4367 376 2 80 296 
4368 372 2 132 240 
4369 378 2 12 366 
4370 368 2 8 360 
4371 360 2 22 338 
4372 368 2 51 317 
4373 362 2 15 347 
4374 382 2 11 371 
4375 378 2 6 372 
4376 364 2 17 347 
4377 388 2 7 381 
4378 382 2 20 362 
4379 364 2 37 327 
4380 382 2 36 346 
4381 374 2 117 257 
4382 378 2 7 371 
4383 378 2 12 366 
4384 360 2 5 355 
4385 360 2 47 313 
4386 370 2 5 365 
4387 362 2 23 339 
4388 378 2 4 374 
4389 370 2 10 360 
4390 370 2 6 364 
4391 364 2 4 360 
4392 376 2 4 372 
4393 368 2 23 345 
4394 380 2 4 376 
4395 370 2 4 366 
4396 376 2 8 368 
4397 384 2 120 264 
4398 372 2 4 368 
4399 372 2 19 353 
4400 370 2 6 364 
4401 376 2 5 371 
4402 368 2 8 360 
4403 370 2 9 361 
4404 376 2 5 371 
4405 374 2 6 368 
4406 360 2 23 337 
4407 360 2 114 246 
4408 362 2 7 355 
4409 392 2 20 372 
4410 372 2 12 360 
4411 384 2 17 367 
4412 372 2 6 366 
4413 362 2 15 347 
4414 390 2 4 386 
4415 378 2 8 370 
4416 382 2 13 369 
4417 396 2 5 391 
4418 376 2 36 340 
4419 366 2 39 327 
4420 372 2 18 354 
4421 390 2 12 378 
4422 368 2 39 329 
4423 394 2 11 383 
4424 370 2 4 366 
4425 376 2 13 363 
4426 362 2 6 356 
4427 368 2 10 358 
4428 390 2 27 363 
4429 362 2 9 353 
4430 364 2 7 357 
4431 386 2 5 381 
4432 370 2 25 345 
4433 368 2 4 364 
4434 364 2 5 359 
4435 360 2 32 328 
4436 364 2 6 358 
4437 384 2 4 380 
4438 366 2 43 323 
4439 372 2 4 368 
4440 366 2 46 320 
4441 374 2 11 363 
4442 384 2 8 376 
4443 364 2 47 317 
4444 374 2 62 312 
4445 360 2 83 277 
4446 376 2 22 354 
4447 382 2 12 370 
4448 364 2 52 312 
4449 368 2 5 363 
4450 364 2 11 353 
4451 378 2 4 374 
4452 372 2 5 367 
4453 386 2 46 340 
4454 368 2 5 363 
4455 384 2 36 348 
4456 366 2 5 361 
4457 392 2 31 361 
4458 368 2 12 356 
4459 374 2 8 366 
4460 394 2 21 373 
4461 386 2 21 365 
4462 378 2 20 358 
4463 362 2 56 306 
4464 362 2 4 358 
4465 384 2 10 374 
4466 388 2 9 379 
4467 384 2 68 316 
4468 370 2 154 216 
4469 370 2 13 357 
4470 360 2 44 316 
4471 388 2 13 375 
4472 376 2 4 372 
4473 362 2 116 246 
4474 394 2 4 390 
4475 378 2 8 370 
4476 386 2 19 367 
4477 374 2 18 356 
4478 360 2 5 355 
4479 378 2 38 340 
4480 394 2 15 379 
4481 390 2 20 370 
4482 366 2 9 357 
4483 388 2 8 380 
4484 392 2 9 383 
4485 382 2 4 378 
4486 378 2 27 351 
4487 370 2 10 360 
4488 386 2 42 344 
4489 368 2 10 358 
4490 370 2 9 361 
4491 368 2 7 361 
4492 372 2 7 365 
4493 374 2 6 368 
4494 378 2 40 338 
4495 374 2 9 365 
4496 392 2 20 372 
4497 388 2 23 365 
4498 366 2 6 360 
4499 382 2 7 375 
4500 372 2 19 353 
4501 382 2 16 366 
4502 366 2 9 357 
4503 374 2 97 277 
4504 374 2 12 362 
4505 364 2 11 353 
4506 370 2 6 364 
4507 364 2 11 353 
4508 388 2 5 383 
4509 396 2 7 389 
4510 374 2 9 365 
4511 374 2 4 370 
4512 392 2 10 382 
4513 384 2 5 379 
4514 382 2 10 372 
4515 372 2 21 351 
4516 374 2 7 367 
4517 396 2 4 392 
4518 360 2 4 356 
4519 362 2 5 357 
4520 378 2 10 368 
4521 360 2 13 347 
4522 384 2 8 376 
4523 372 2 108 264 
4524 360 2 98 262 
4525 366 2 9 357 
4526 368 2 4 364 
4527 360 2 69 291 
4528 376 2 12 364 
4529 376 2 4 372 
4530 374 2 12 362 
4531 370 2 98 272 
4532 380 2 23 357 
4533 360 2 4 356 
4534 370 2 5 365 
4535 374 2 5 369 
4536 380 2 6 374 
4537 394 2 153 241 
4538 380 2 22 358 
4539 378 2 86 292 
4540 370 2 96 274 
4541 386 2 50 336 
4542 382 2 26 356 
4543 368 2 13 355 
4544 370 2 7 363 
4545 368 2 5 363 
4546 362 2 24 338 
4547 380 2 88 292 
4548 374 2 12 362 

